0.0 0.0
0.11111111111111113 0.33333333333333337
-0.12200846792814624 0.5962250448649377
0.22222222222222227 0.6666666666666667
0.33333333333333337 1.0
0.10021375429407603 1.2628917115316043
-0.24401693585629236 1.1924500897298753
-0.1329058247451813 1.5257834230632086
-0.3660254037844386 1.7886751345948129
-2.1794713634070123e-2 1.8591167563965418
8.931639747704084e-2 2.1924500897298755
0.32243597651629835 1.929558378198271
0.6666666666666667 2.0
0.7777777777777779 2.333333333333333
0.5446581987385204 2.5962250448649375
0.888888888888889 2.6666666666666665
1.0 3.0
