0.0 0.0
3.703703703703705e-2 0.11111111111111113
-4.066948930938208e-2 0.1987416816216459
7.40740740740741e-2 0.22222222222222227
0.11111111111111113 0.33333333333333337
3.3404584764692e-2 0.42096390384386817
-8.133897861876417e-2 0.39748336324329175
-4.430194158172713e-2 0.508594474354403
-0.12200846792814624 0.5962250448649377
-7.2649045446900595e-3 0.619705585465514
2.977213249234697e-2 0.7308166965766252
0.10747865883876612 0.6431861260660904
0.22222222222222227 0.6666666666666667
0.2592592592592593 0.7777777777777779
0.18155273291284024 0.8654083482883126
0.29629629629629634 0.888888888888889
0.33333333333333337 1.0
0.25562680698691426 1.0876305705105347
0.140883243603458 1.0641500299099582
0.17792028064049514 1.1752611410210696
0.10021375429407603 1.2628917115316043
-1.4529809089380119e-2 1.239411170931028
-5.156684612641702e-2 1.1283000598199169
-0.12927337247283627 1.2159306303304516
-0.24401693585629236 1.1924500897298753
-0.20697989881925533 1.3035612008409865
-0.2846864251656745 1.3911917713515212
-0.16994286178221835 1.4146723119520976
-0.1329058247451813 1.5257834230632086
-0.21061235109160042 1.6134139935737433
-0.3253559144750567 1.5899334529731668
-0.28831887743801954 1.7010445640842782
-0.3660254037844386 1.7886751345948129
-0.25128184040098245 1.8121556751953891
-0.21424480336394552 1.9232667863065003
-0.13653827701752627 1.8356362157959656
-2.1794713634070123e-2 1.8591167563965418
1.524232340296687e-2 1.9702278675076532
-6.24642029434523e-2 2.057858438018188
5.2279360440003864e-2 2.0813389786187644
8.931639747704084e-2 2.1924500897298755
0.16702292382346 2.104819519219341
0.2817664872069165 2.1283000598199173
0.2447294501698792 2.0171889487088057
0.32243597651629835 1.929558378198271
0.4371795398997545 1.9530389187988473
0.47421657693679137 2.064150029909958
0.5519231032832106 1.9765194593994238
0.6666666666666667 2.0
0.7037037037037038 2.111111111111111
0.6259971773572847 2.198741681621646
0.7407407407407409 2.2222222222222223
0.7777777777777779 2.333333333333333
0.7000712514313587 2.4209639038438677
0.5853276880479023 2.3974833632432917
0.6223647250849396 2.508594474354403
0.5446581987385204 2.5962250448649375
0.6594017621219765 2.619705585465514
0.6964387991590135 2.730816696576625
0.7741453255054328 2.6431861260660905
0.888888888888889 2.6666666666666665
0.9259259259259259 2.7777777777777777
0.8482193995795068 2.8654083482883124
0.962962962962963 2.888888888888889
1.0 3.0
