0.0 0.0
1.2345679012345684e-2 3.703703703703705e-2
-1.3556496436460695e-2 6.62472272072153e-2
2.4691358024691367e-2 7.40740740740741e-2
3.703703703703705e-2 0.11111111111111113
1.1134861588230668e-2 0.1403213012812894
-2.711299287292138e-2 0.13249445441443058
-1.4767313860575709e-2 0.16953149145146765
-4.066948930938208e-2 0.1987416816216459
-2.4216348482300164e-3 0.20656852848850468
9.924044164115645e-3 0.24360556552554175
3.582621961292204e-2 0.2143953753553635
7.40740740740741e-2 0.22222222222222227
8.641975308641978e-2 0.2592592592592593
6.051757763761341e-2 0.28846944942943753
9.876543209876545e-2 0.29629629629629634
0.11111111111111113 0.33333333333333337
8.520893566230475e-2 0.36254352350351166
4.696108120115267e-2 0.35471667663665285
5.930676021349837e-2 0.39175371367368994
3.3404584764692e-2 0.42096390384386817
-4.843269696460064e-3 0.4131370569770094
-1.718894870880572e-2 0.3761000199399723
-4.3091124157612126e-2 0.4053102101101506
-8.133897861876417e-2 0.39748336324329175
-6.899329960641849e-2 0.43452040028032884
-9.489547505522491e-2 0.46373059045050713
-5.6647620594072814e-2 0.47155743731736594
-4.430194158172713e-2 0.508594474354403
-7.02041170305335e-2 0.5378046645245812
-0.10845197149168552 0.5299778176577224
-9.610629247933988e-2 0.5670148546947594
-0.12200846792814624 0.5962250448649377
-8.376061346699418e-2 0.6040518917317964
-7.141493445464855e-2 0.6410889287688334
-4.551275900584212e-2 0.6118787385986553
-7.2649045446900595e-3 0.619705585465514
5.080774467655617e-3 0.656742622502551
-2.0821400981150897e-2 0.6859528126727293
1.7426453480001294e-2 0.6937796595395882
2.977213249234697e-2 0.7308166965766252
5.5674307941153356e-2 0.701606506406447
9.392216240230539e-2 0.7094333532733058
8.157648338995975e-2 0.6723963162362687
0.10747865883876612 0.6431861260660904
0.14572651329991818 0.6510129729329492
0.15807219231226388 0.6880500099699861
0.18397436776107023 0.658839819799808
0.22222222222222227 0.6666666666666667
0.23456790123456794 0.7037037037037038
0.20866572578576154 0.7329138938738821
0.24691358024691362 0.7407407407407409
0.2592592592592593 0.7777777777777779
0.23335708381045295 0.8069879679479561
0.19510922934930083 0.7991611210810974
0.2074549083616466 0.8361981581181345
0.18155273291284024 0.8654083482883126
0.21980058737399227 0.8732351951551713
0.23214626638633787 0.9102722321922084
0.2580484418351443 0.8810620420220302
0.29629629629629634 0.888888888888889
0.308641975308642 0.9259259259259259
0.2827397998598356 0.9551361160961042
0.3209876543209877 0.962962962962963
0.33333333333333337 1.0
0.307431157884527 1.0292101901701782
0.26918330342337493 1.0213833433033195
0.28152898243572066 1.0584203803403565
0.25562680698691426 1.0876305705105347
0.21737895252576217 1.079803723643676
0.20503327351341644 1.0427666866066387
0.17913109806461008 1.0719768767768172
0.140883243603458 1.0641500299099582
0.15322892261580373 1.1011870669469954
0.1273267471669972 1.1303972571171739
0.16557460162814944 1.1382241039840326
0.17792028064049514 1.1752611410210696
0.15201810519168876 1.2044713311912478
0.11377025073053655 1.196644484324389
0.1261159297428824 1.2336815213614263
0.10021375429407603 1.2628917115316043
6.196589983292397e-2 1.2550648646647455
4.962022082057827e-2 1.2180278276277083
2.3718045371771926e-2 1.2472380177978868
-1.4529809089380119e-2 1.239411170931028
-2.6875488101725756e-2 1.2023741338939908
-9.733126529196043e-4 1.1731639437238128
-3.922116711407139e-2 1.165337096856954
-5.156684612641702e-2 1.1283000598199169
-7.746902157522344e-2 1.157510249990095
-0.11571687603637548 1.1496834031232364
-0.10337119702402986 1.1867204401602733
-0.12927337247283627 1.2159306303304516
-0.1675212269339883 1.2081037834635928
-0.179866905946334 1.1710667464265558
-0.20576908139514033 1.200276936596734
-0.24401693585629236 1.1924500897298753
-0.23167125684394668 1.2294871267669123
-0.2575734322927532 1.2586973169370905
-0.219325577831601 1.2665241638039495
-0.20697989881925533 1.3035612008409865
-0.23288207426806173 1.3327713910111647
-0.27112992872921393 1.324944544144306
-0.25878424971686814 1.3619815811813432
-0.2846864251656745 1.3911917713515212
-0.24643857070452246 1.39901861821838
-0.23409289169217692 1.4360556552554171
-0.2081907162433704 1.4068454650852389
-0.16994286178221835 1.4146723119520976
-0.15759718276987267 1.4517093489891346
-0.1834993582186792 1.4809195391593128
-0.145251503757527 1.4887463860261718
-0.1329058247451813 1.5257834230632086
-0.1588080001939877 1.5549936132333868
-0.1970558546551399 1.547166766366528
-0.18471017564279407 1.5842038034035653
-0.21061235109160042 1.6134139935737433
-0.2488602055527525 1.6055871467068845
-0.26120588456509825 1.5685501096698473
-0.28710806001390465 1.5977602998400258
-0.3253559144750567 1.5899334529731668
-0.313010235462711 1.626970490010204
-0.33891241091151747 1.6561806801803824
-0.3006645564503653 1.6640075270472412
-0.28831887743801954 1.7010445640842782
-0.3142210528868259 1.7302547542544562
-0.3524689073479781 1.7224279073875977
-0.34012322833563224 1.7594649444246346
-0.3660254037844386 1.7886751345948129
-0.32777754932328657 1.7965019814616716
-0.31543187031094083 1.8335390184987088
-0.28952969486213453 1.8043288283285304
-0.25128184040098245 1.8121556751953891
-0.23893616138863683 1.849192712232426
-0.26483833683744334 1.8784029024026043
-0.22659048237629117 1.8862297492694633
-0.21424480336394552 1.9232667863065003
-0.1883426279151391 1.894056596136322
-0.15009477345398703 1.9018834430031808
-0.1624404524663327 1.8648464059661438
-0.13653827701752627 1.8356362157959656
-9.829042255637423e-2 1.8434630626628243
-8.594474354402852e-2 1.8805000996998613
-6.0042568095222175e-2 1.851289909529683
-2.1794713634070123e-2 1.8591167563965418
-9.449034621724457e-3 1.8961537934335788
-3.535121007053098e-2 1.925363983603757
2.8966443906212076e-3 1.933190830470616
1.524232340296687e-2 1.9702278675076532
-1.0659852045839522e-2 1.9994380576778314
-4.8907706506991555e-2 1.9916112108109727
-3.656202749464591e-2 2.0286482478480097
-6.24642029434523e-2 2.057858438018188
-2.421634848230024e-2 2.0656852848850464
-1.1870669469954727e-2 2.1027223219220836
1.4031505978851815e-2 2.0735121317519054
5.2279360440003864e-2 2.0813389786187644
6.462503945234953e-2 2.1183760156558016
3.8722864003543e-2 2.1475862058259794
7.697071846469519e-2 2.155413052692839
8.931639747704084e-2 2.1924500897298755
0.11521857292584724 2.1632398995596973
0.1534664273869989 2.1710667464265563
0.14112074837465363 2.1340297093895195
0.16702292382346 2.104819519219341
0.20527077828461218 2.1126463660862
0.21761645729695814 2.1496834031232366
0.24351863274576435 2.1204732129530584
0.2817664872069165 2.1283000598199173
0.26942080819457076 2.09126302278288
0.29532298364337717 2.062052832612702
0.25707512918222497 2.054225985745843
0.2447294501698792 2.0171889487088057
0.2706316256186856 1.9879787585386275
0.3088794800798376 1.9958056054054862
0.296533801067492 1.9587685683684493
0.32243597651629835 1.929558378198271
0.3606838309774504 1.9373852250651296
0.3730295099897959 1.9744222621021668
0.39893168543860247 1.9452120719319885
0.4371795398997545 1.9530389187988473
0.44952521891210007 1.9900759558358843
0.4236230434632936 2.0192861460060625
0.46187089792444574 2.0271129928729215
0.47421657693679137 2.064150029909958
0.5001187523855978 2.03493983973978
0.5383666068467494 2.042766686606639
0.5260209278344041 2.005729649569602
0.5519231032832106 1.9765194593994238
0.5901709577443626 1.9843463062662825
0.6025166367567082 2.0213833433033197
0.6284188122055148 1.9921731531331415
0.6666666666666667 2.0
0.6790123456790125 2.037037037037037
0.653110170230206 2.066247227207215
0.6913580246913582 2.0740740740740744
0.7037037037037038 2.111111111111111
0.6778015282548975 2.1403213012812894
0.6395536737937451 2.1324944544144304
0.6518993528060911 2.169531491451468
0.6259971773572847 2.198741681621646
0.6642450318184367 2.206568528488505
0.6765907108307827 2.2436055655255416
0.702492886279589 2.2143953753553633
0.7407407407407409 2.2222222222222223
0.7530864197530867 2.259259259259259
0.7271842443042801 2.2884694494294373
0.7654320987654324 2.2962962962962963
0.7777777777777779 2.333333333333333
0.7518756023289715 2.3625435235035113
0.7136277478678195 2.3547166766366523
0.7259734268801652 2.3917537136736895
0.7000712514313587 2.4209639038438677
0.6618233969702065 2.413137056977009
0.6494777179578606 2.376100019939972
0.6235755425090544 2.4053102101101507
0.5853276880479023 2.3974833632432917
0.5976733670602481 2.434520400280329
0.5717711916114416 2.4637305904505067
0.6100190460725938 2.471557437317366
0.6223647250849396 2.508594474354403
0.5964625496361332 2.537804664524581
0.5582146951749811 2.529977817657722
0.5705603741873269 2.5670148546947593
0.5446581987385204 2.5962250448649375
0.5829060531996725 2.6040518917317965
0.595251732212018 2.6410889287688333
0.6211539076608246 2.6118787385986555
0.6594017621219765 2.619705585465514
0.6717474411343222 2.656742622502551
0.6458452656855157 2.685952812672729
0.6840931201466679 2.6937796595395884
0.6964387991590135 2.730816696576625
0.72234097460782 2.701606506406447
0.7605888290689716 2.709433353273306
0.7482431500566264 2.672396316236269
0.7741453255054328 2.6431861260660905
0.8123931799665849 2.651012972932949
0.8247388589789304 2.688050009969986
0.8506410344277369 2.658839819799808
0.888888888888889 2.6666666666666665
0.9012345679012346 2.7037037037037037
0.8753323924524281 2.732913893873882
0.9135802469135803 2.740740740740741
0.9259259259259259 2.7777777777777777
0.9000237504771196 2.806987967947956
0.8617758960159675 2.799161121081097
0.8741215750283131 2.836198158118134
0.8482193995795068 2.8654083482883124
0.8864672540406588 2.8732351951551713
0.8988129330530045 2.9102722321922085
0.9247151085018109 2.8810620420220303
0.962962962962963 2.888888888888889
0.9753086419753086 2.9259259259259256
0.9494064665265022 2.9551361160961043
0.9876543209876544 2.962962962962963
1.0 3.0
