0.0 0.0
4.115226337448562e-3 1.2345679012345684e-2
-4.518832145486898e-3 2.2082409069071773e-2
8.230452674897124e-3 2.4691358024691367e-2
1.2345679012345684e-2 3.703703703703705e-2
3.711620529410223e-3 4.677376709376313e-2
-9.037664290973801e-3 4.416481813814354e-2
-4.922437953525237e-3 5.6510497150489225e-2
-1.3556496436460695e-2 6.62472272072153e-2
-8.072116160766727e-4 6.88561761628349e-2
3.3080147213718847e-3 8.120185517518058e-2
1.194207320430735e-2 7.14651251184545e-2
2.4691358024691367e-2 7.40740740740741e-2
2.8806584362139925e-2 8.641975308641978e-2
2.0172525879204477e-2 9.615648314314586e-2
3.292181069958849e-2 9.876543209876545e-2
3.703703703703705e-2 0.11111111111111113
2.8402978554101586e-2 0.12084784116783723
1.5653693733717562e-2 0.11823889221221763
1.9768920071166127e-2 0.13058457122456332
1.1134861588230668e-2 0.1403213012812894
-1.6144232321533489e-3 0.1377123523256698
-5.729649569601893e-3 0.1253666733133241
-1.4363708052537366e-2 0.1351034033700502
-2.711299287292138e-2 0.13249445441443058
-2.299776653547282e-2 0.14484013342677626
-3.1631825018408305e-2 0.15457686348350236
-1.8882540198024267e-2 0.15718581243912197
-1.4767313860575709e-2 0.16953149145146765
-2.3401372343511168e-2 0.17926822150819371
-3.615065716389519e-2 0.17665927255257416
-3.203543082644662e-2 0.1890049515649198
-4.066948930938208e-2 0.1987416816216459
-2.7920204488998054e-2 0.2013506305772655
-2.3804978151549513e-2 0.21369630958961117
-1.5170919668614035e-2 0.2039595795328851
-2.4216348482300164e-3 0.20656852848850468
1.693591489218538e-3 0.2189142075008504
-6.9404669937169206e-3 0.22865093755757643
5.808817826667092e-3 0.23125988651319607
9.924044164115645e-3 0.24360556552554175
1.855810264705111e-2 0.23386883546881565
3.130738746743511e-2 0.23647778442443526
2.7192161129986576e-2 0.22413210541208958
3.582621961292204e-2 0.2143953753553635
4.857550443330606e-2 0.21700432431098307
5.2690730770754604e-2 0.22935000332332878
6.132478925369008e-2 0.21961327326660268
7.40740740740741e-2 0.22222222222222227
7.818930041152265e-2 0.23456790123456794
6.95552419285872e-2 0.24430463129129404
8.230452674897122e-2 0.24691358024691362
8.641975308641978e-2 0.2592592592592593
7.778569460348432e-2 0.2689959893159854
6.50364097831003e-2 0.26638704036036576
6.915163612054886e-2 0.2787327193727115
6.051757763761341e-2 0.28846944942943753
7.326686245799743e-2 0.2910783983850571
7.738208879544595e-2 0.3034240773974028
8.601614727838144e-2 0.29368734734067675
9.876543209876545e-2 0.29629629629629634
0.10288065843621401 0.308641975308642
9.424659995327855e-2 0.3183787053653681
0.10699588477366258 0.3209876543209877
0.11111111111111113 0.33333333333333337
0.10247705262817566 0.34307006339005947
8.972776780779165e-2 0.3404611144344399
9.384299414524022e-2 0.35280679344678556
8.520893566230475e-2 0.36254352350351166
7.245965084192073e-2 0.35993457454789207
6.834442450447215e-2 0.34758889553554634
5.9710366021536704e-2 0.3573256255922725
4.696108120115267e-2 0.35471667663665285
5.1076307538601234e-2 0.3670623556489986
4.2442249055665786e-2 0.3767990857057247
5.519153387604981e-2 0.37940803466134426
5.930676021349837e-2 0.39175371367368994
5.0672701730562916e-2 0.401490443730416
3.792341691017884e-2 0.3988814947747964
4.203864324762746e-2 0.41122717378714213
3.3404584764692e-2 0.42096390384386817
2.0655299944307974e-2 0.4183549548882486
1.6540073606859357e-2 0.4060092758759029
7.906015123923955e-3 0.41574600593262906
-4.843269696460064e-3 0.4131370569770094
-8.958496033908617e-3 0.4007913779646637
-3.2443755097315806e-4 0.3910546479079376
-1.307372237135717e-2 0.388445698952318
-1.718894870880572e-2 0.3761000199399723
-2.582300719174119e-2 0.38583674999669837
-3.857229201212527e-2 0.3832278010410788
-3.445706567467666e-2 0.3955734800534245
-4.3091124157612126e-2 0.4053102101101506
-5.5840408977996144e-2 0.402701261154531
-5.995563531544471e-2 0.3903555821421853
-6.858969379838016e-2 0.4000923121989114
-8.133897861876417e-2 0.39748336324329175
-7.722375228131562e-2 0.40982904225563743
-8.585781076425111e-2 0.4195657723123635
-7.310852594386705e-2 0.42217472126798317
-6.899329960641849e-2 0.43452040028032884
-7.762735808935398e-2 0.44425713033705494
-9.037664290973801e-2 0.44164818138143536
-8.626141657228945e-2 0.45399386039378103
-9.489547505522491e-2 0.46373059045050713
-8.214619023484088e-2 0.4663395394061267
-7.803096389739236e-2 0.4786852184184724
-6.939690541445685e-2 0.46894848836174635
-5.6647620594072814e-2 0.47155743731736594
-5.253239425662425e-2 0.4839031163297116
-6.116645273955976e-2 0.4936398463864377
-4.841716791917569e-2 0.49624879534205735
-4.430194158172713e-2 0.508594474354403
-5.293600006466259e-2 0.518331204411129
-6.568528488504666e-2 0.5157222554555094
-6.157005854759805e-2 0.5280679344678552
-7.02041170305335e-2 0.5378046645245812
-8.295340185091751e-2 0.5351957155689616
-8.706862818836608e-2 0.522850036556616
-9.570268667130152e-2 0.532586766613342
-0.10845197149168552 0.5299778176577224
-0.10433674515423697 0.5423234966700681
-0.11297080363717248 0.5520602267267942
-0.10022151881678842 0.5546691756824138
-9.610629247933988e-2 0.5670148546947594
-0.10474035096227532 0.5767515847514855
-0.1174896357826594 0.5741426357958659
-0.1133744094452108 0.5864883148082116
-0.12200846792814624 0.5962250448649377
-0.10925918310776223 0.5988339938205572
-0.10514395677031364 0.611179672832903
-9.65098982873782e-2 0.6014429427761768
-8.376061346699418e-2 0.6040518917317964
-7.964538712954564e-2 0.616397570744142
-8.827944561248115e-2 0.6261343008008682
-7.55301607920971e-2 0.6287432497564878
-7.141493445464855e-2 0.6410889287688334
-6.278087597171307e-2 0.6313521987121073
-5.003159115132909e-2 0.633961147667727
-5.41468174887776e-2 0.6216154686553813
-4.551275900584212e-2 0.6118787385986553
-3.27634741854581e-2 0.6144876875542749
-2.864824784800953e-2 0.6268333665666205
-2.001418936507408e-2 0.6170966365098944
-7.2649045446900595e-3 0.619705585465514
-3.1496782072415004e-3 0.6320512644778596
-1.1783736690177005e-2 0.6417879945345858
9.655481302070588e-4 0.6443969434902054
5.080774467655617e-3 0.656742622502551
-3.5532840152798888e-3 0.6664793525592771
-1.6302568835663986e-2 0.6638704036036575
-1.2187342498215395e-2 0.6762160826160033
-2.0821400981150897e-2 0.6859528126727293
-8.072116160766833e-3 0.6885617616283489
-3.956889823318337e-3 0.7009074406406947
4.677168659617231e-3 0.6911707105839686
1.7426453480001294e-2 0.6937796595395882
2.1541679817449852e-2 0.7061253385519339
1.2907621334514442e-2 0.71586206860866
2.565690615489841e-2 0.7184710175642796
2.977213249234697e-2 0.7308166965766252
3.840619097528243e-2 0.7210799665198991
5.1155475795666414e-2 0.7236889154755187
4.70402494582179e-2 0.7113432364631731
5.5674307941153356e-2 0.701606506406447
6.842359276153737e-2 0.7042154553620665
7.253881909898584e-2 0.7165611343744123
8.117287758192138e-2 0.7068244043176862
9.392216240230539e-2 0.7094333532733058
8.980693606485683e-2 0.6970876742609602
9.844099454779236e-2 0.6873509442042341
8.56917097274083e-2 0.6847419952486145
8.157648338995975e-2 0.6723963162362687
9.02105418728952e-2 0.6626595861795426
0.10295982669327919 0.6652685351351623
9.884460035583068e-2 0.6529228561228165
0.10747865883876612 0.6431861260660904
0.12022794365915014 0.6457950750217101
0.12434316999659872 0.6581407540340557
0.13297722847953417 0.6484040239773297
0.14572651329991818 0.6510129729329492
0.14984173963736674 0.6633586519452949
0.14120768115443133 0.6730953820020209
0.1539569659748153 0.6757043309576405
0.15807219231226388 0.6880500099699861
0.16670625079519935 0.6783132799132601
0.1794555356155833 0.6809222288688798
0.1753403092781348 0.668576549856534
0.18397436776107023 0.658839819799808
0.19672365258145424 0.6614487687554276
0.2008388789189028 0.6737944477677732
0.20947293740183826 0.6640577177110472
0.22222222222222227 0.6666666666666667
0.2263374485596708 0.6790123456790125
0.2177033900767353 0.6887490757357386
0.2304526748971194 0.6913580246913582
0.23456790123456794 0.7037037037037038
0.22593384275163247 0.7134404337604299
0.2131845579312484 0.7108314848048103
0.217299784268697 0.723177163817156
0.20866572578576154 0.7329138938738821
0.22141501060614555 0.7355228428295018
0.22553023694359414 0.7478685218418474
0.2341642954265296 0.7381317917851213
0.24691358024691362 0.7407407407407409
0.2510288065843622 0.7530864197530867
0.24239474810142664 0.7628231498098127
0.25514403292181076 0.7654320987654324
0.2592592592592593 0.7777777777777779
0.25062520077632383 0.787514507834504
0.23787591595593988 0.7849055588788845
0.24199114229338842 0.7972512378912301
0.23335708381045295 0.8069879679479561
0.22060779899006888 0.8043790189923365
0.21649257265262034 0.7920333399799909
0.20785851416968487 0.801770070036717
0.19510922934930083 0.7991611210810974
0.1992244556867494 0.8115068000934431
0.19059039720381393 0.8212435301501693
0.20333968202419803 0.8238524791057888
0.2074549083616466 0.8361981581181345
0.19882084987871115 0.8459348881748605
0.18607156505832706 0.8433259392192408
0.1901867913957757 0.8556716182315867
0.18155273291284024 0.8654083482883126
0.19430201773322425 0.8680172972439322
0.1984172440706727 0.8803629762562778
0.20705130255360826 0.8706262461995519
0.21980058737399227 0.8732351951551713
0.22391581371144081 0.8855808741675171
0.2152817552285053 0.8953176042242432
0.22803104004888936 0.8979265531798628
0.23214626638633787 0.9102722321922084
0.24078032486927334 0.9005355021354824
0.25352960968965743 0.903144451091102
0.24941438335220883 0.8907987720787562
0.2580484418351443 0.8810620420220302
0.2707977266555283 0.8836709909776497
0.27491295299297674 0.8960166699899954
0.2835470114759123 0.8862799399332694
0.29629629629629634 0.888888888888889
0.3004115226337449 0.9012345679012346
0.29177746415080935 0.9109712979579607
0.3045267489711935 0.9135802469135803
0.308641975308642 0.9259259259259259
0.30000791682570654 0.935662655982652
0.2872586320053224 0.9330537070270324
0.2913738583427711 0.9453993860393781
0.2827397998598356 0.9551361160961042
0.2954890846802196 0.9577450650517239
0.2996043110176682 0.9700907440640695
0.3082383695006037 0.9603540140073434
0.3209876543209877 0.962962962962963
0.3251028806584363 0.9753086419753086
0.3164688221755007 0.9850453720320348
0.32921810699588483 0.9876543209876544
0.33333333333333337 1.0
0.3246992748503979 1.0097367300567262
0.31194999003001384 1.0071277811011066
0.3160652163674625 1.0194734601134523
0.307431157884527 1.0292101901701782
0.29468187306414295 1.0266012412145586
0.2905666467266944 1.014255562202213
0.281932588243759 1.023992292258939
0.26918330342337493 1.0213833433033195
0.2732985297608235 1.0337290223156652
0.2646644712778882 1.0434657523723911
0.2774137560982721 1.0460747013280107
0.28152898243572066 1.0584203803403565
0.2728949239527852 1.0681571103970824
0.2601456391324009 1.065548161441463
0.2642608654698497 1.0778938404538088
0.25562680698691426 1.0876305705105347
0.24287752216653025 1.085021621554915
0.23876229582908165 1.0726759425425694
0.2301282373461462 1.0824126725992955
0.21737895252576217 1.079803723643676
0.21326372618831357 1.0674580446313302
0.2218977846712491 1.057721314574604
0.20914849985086503 1.0551123656189845
0.20503327351341644 1.0427666866066387
0.196399215030481 1.0525034166633649
0.1836499302100969 1.0498944677077455
0.18776515654754555 1.062240146720091
0.17913109806461008 1.0719768767768172
0.16638181324422605 1.0693679278211976
0.16226658690677748 1.0570222488088519
0.15363252842384204 1.066758978865578
0.140883243603458 1.0641500299099582
0.1449984699409066 1.076495708922304
0.13636441145797107 1.08623243897903
0.14911369627835516 1.0888413879346497
0.15322892261580373 1.1011870669469954
0.14459486413286823 1.1109237970037216
0.13184557931248414 1.1083148480481018
0.13596080564993274 1.1206605270604477
0.1273267471669972 1.1303972571171739
0.14007603198738128 1.1330062060727935
0.14419125832482968 1.1453518850851392
0.15282531680776537 1.1356151550284133
0.16557460162814944 1.1382241039840326
0.169689827965598 1.1505697829963784
0.16105576948266248 1.1603065130531045
0.17380505430304657 1.162915462008724
0.17792028064049514 1.1752611410210696
0.16928622215755967 1.1849978710777958
0.1565369373371758 1.1823889221221762
0.16065216367462423 1.1947346011345217
0.15201810519168876 1.2044713311912478
0.1392688203713047 1.2018623822356282
0.1351535940338561 1.1895167032232827
0.12651953555092063 1.1992534332800087
0.11377025073053655 1.196644484324389
0.11788547706798518 1.2089901633367348
0.1092514185850497 1.218726893393461
0.1220007034054338 1.2213358423490805
0.1261159297428824 1.2336815213614263
0.11748187125994694 1.2434182514181522
0.10473258643956287 1.2408093024625328
0.1088478127770115 1.2531549814748784
0.10021375429407603 1.2628917115316043
8.7464469473692e-2 1.2602827625759847
8.334924313624324e-2 1.2479370835636392
7.471518465330798e-2 1.2576738136203653
6.196589983292397e-2 1.2550648646647455
5.78506734954754e-2 1.2427191856523998
6.64847319784109e-2 1.2329824555956737
5.373544715802684e-2 1.230373506640054
4.962022082057827e-2 1.2180278276277083
4.098616233764282e-2 1.2277645576844345
2.8236877517258757e-2 1.225155608728815
3.2352103854707374e-2 1.2375012877411606
2.3718045371771926e-2 1.2472380177978868
1.0968760551387909e-2 1.2446290688422672
6.8535342139393425e-3 1.2322833898299217
-1.780524268996107e-3 1.2420201198866476
-1.4529809089380119e-2 1.239411170931028
-1.8645035426828667e-2 1.2270654919186823
-1.0010976943893154e-2 1.2173287618619562
-2.276026176427721e-2 1.2147198129063366
-2.6875488101725756e-2 1.2023741338939908
-1.824142961879037e-2 1.192637403837265
-5.4921447984065275e-3 1.1952463527928843
-9.607371135854987e-3 1.182900673780539
-9.733126529196043e-4 1.1731639437238128
-1.3722597473303535e-2 1.1705549947681932
-1.783782381075206e-2 1.1582093157558477
-2.6471882293687465e-2 1.1679460458125737
-3.922116711407139e-2 1.165337096856954
-4.333639345151993e-2 1.1529914178446083
-3.470233496858442e-2 1.1432546877878822
-4.745161978896848e-2 1.1406457388322626
-5.156684612641702e-2 1.1283000598199169
-6.02009046093525e-2 1.138036789876643
-7.295018942973658e-2 1.1354278409210234
-6.883496309228797e-2 1.1477735199333692
-7.746902157522344e-2 1.157510249990095
-9.021830639560746e-2 1.1549013010344755
-9.433353273305603e-2 1.1425556220221298
-0.10296759121599147 1.152292352078856
-0.11571687603637548 1.1496834031232364
-0.11160164969892694 1.162029082135582
-0.12023570818186226 1.171765812192308
-0.1074864233614784 1.1743747611479276
-0.10337119702402986 1.1867204401602733
-0.11200525550696533 1.1964571702169993
-0.1247545403273496 1.19384822126138
-0.1206393139899008 1.2061939002737256
-0.12927337247283627 1.2159306303304516
-0.14202265729322028 1.213321681374832
-0.14613788363066885 1.2009760023624863
-0.1547719421136043 1.2107127324192124
-0.1675212269339883 1.2081037834635928
-0.17163645327143687 1.195758104451247
-0.16300239478850156 1.1860213743945212
-0.17575167960888544 1.1834124254389016
-0.179866905946334 1.1710667464265558
-0.18850096442926945 1.1808034764832818
-0.20125024924965368 1.1781945275276624
-0.19713502291220492 1.1905402065400081
-0.20576908139514033 1.200276936596734
-0.21851836621552434 1.1976679876411145
-0.2226335925529729 1.1853223086287688
-0.23126765103590835 1.195059038685495
-0.24401693585629236 1.1924500897298753
-0.23990170951884382 1.204795768742221
-0.24853576800177932 1.214532498798947
-0.23578648318139528 1.2171414477545668
-0.23167125684394668 1.2294871267669123
-0.2403053153268822 1.2392238568236384
-0.2530546001472663 1.2366149078680186
-0.2489393738098177 1.2489605868803646
-0.2575734322927532 1.2586973169370905
-0.24482414747236914 1.26130626589271
-0.24070892113492073 1.2736519449050558
-0.23207486265198507 1.26391521484833
-0.219325577831601 1.2665241638039495
-0.21521035149415244 1.2788698428162952
-0.22384440997708796 1.2886065728730214
-0.2110951251567039 1.291215521828641
-0.20697989881925533 1.3035612008409865
-0.2156139573021908 1.3132979308977126
-0.2283632421225747 1.310688981942093
-0.22424801578512626 1.3230346609544386
-0.23288207426806173 1.3327713910111647
-0.2456313590884458 1.3301624420555451
-0.2497465854258944 1.3178167630431996
-0.25838064390882987 1.3275534930999255
-0.27112992872921393 1.324944544144306
-0.26701470239176534 1.3372902231566517
-0.27564876087470086 1.3470269532133778
-0.26289947605431674 1.3496359021689974
-0.25878424971686814 1.3619815811813432
-0.2674183081998036 1.371718311238069
-0.2801675930201877 1.3691093622824497
-0.2760523666827391 1.3814550412947952
-0.2846864251656745 1.3911917713515212
-0.2719371403452905 1.3938007203071408
-0.2678219140078421 1.4061463993194863
-0.25918785552490653 1.3964096692627606
-0.24643857070452246 1.39901861821838
-0.24232334436707398 1.4113642972307257
-0.2509574028500095 1.4211010272874518
-0.23820811802962547 1.4237099762430714
-0.23409289169217692 1.4360556552554171
-0.22545883320924143 1.426318925198691
-0.2127095483888575 1.4289278741543108
-0.21682477472630593 1.416582195141965
-0.2081907162433704 1.4068454650852389
-0.19544143142298637 1.4094544140408585
-0.19132620508553783 1.4218000930532042
-0.18269214660260236 1.412063362996478
-0.16994286178221835 1.4146723119520976
-0.1658276354447698 1.4270179909644434
-0.1744616939277053 1.4367547210211693
-0.16171240910732124 1.439363669976789
-0.15759718276987267 1.4517093489891346
-0.16623124125280817 1.4614460790458605
-0.17898052607319245 1.458837130090241
-0.1748652997357437 1.471182809102587
-0.1834993582186792 1.4809195391593128
-0.17075007339829512 1.4835284881149327
-0.16663484706084652 1.4958741671272782
-0.15800078857791106 1.4861374370705522
-0.145251503757527 1.4887463860261718
-0.14113627742007845 1.5010920650385176
-0.14977033590301395 1.5108287950952435
-0.13702105108262988 1.5134377440508633
-0.1329058247451813 1.5257834230632086
-0.14153988322811678 1.5355201531199347
-0.15428916804850085 1.5329112041643151
-0.15017394171105225 1.5452568831766609
-0.1588080001939877 1.5549936132333868
-0.17155728501437179 1.5523846642777672
-0.17567251135182035 1.5400389852654215
-0.18430656983475585 1.5497757153221476
-0.1970558546551399 1.547166766366528
-0.1929406283176913 1.5595124453788738
-0.20157468680062696 1.5692491754356
-0.1888254019802427 1.5718581243912197
-0.18471017564279407 1.5842038034035653
-0.19334423412572954 1.5939405334602914
-0.2060935189461134 1.5913315845046716
-0.201978292608665 1.6036772635170173
-0.21061235109160042 1.6134139935737433
-0.22336163591198446 1.610805044618124
-0.22747686224943303 1.598459365605778
-0.2361109207323685 1.6081960956625043
-0.2488602055527525 1.6055871467068845
-0.2529754318902011 1.593241467694539
-0.24434137340726558 1.5835047376378126
-0.2570906582276497 1.5808957886821933
-0.26120588456509825 1.5685501096698473
-0.2698399430480337 1.5782868397265735
-0.28258922786841795 1.5756778907709539
-0.27847400153096924 1.5880235697832998
-0.28710806001390465 1.5977602998400258
-0.29985734483428866 1.5951513508844062
-0.3039725711717372 1.5828056718720604
-0.3126066296546727 1.5925424019287866
-0.3253559144750567 1.5899334529731668
-0.32124068813760814 1.6022791319855125
-0.32987474662054367 1.6120158620422387
-0.3171254618001596 1.6146248109978583
-0.313010235462711 1.626970490010204
-0.3216442939456465 1.6367072200669301
-0.3343935787660306 1.6340982711113103
-0.330278352428582 1.6464439501236563
-0.33891241091151747 1.6561806801803824
-0.3261631260911334 1.658789629136002
-0.32204789975368503 1.6711353081483475
-0.31341384127074934 1.6613985780916218
-0.3006645564503653 1.6640075270472412
-0.29654933011291673 1.676353206059587
-0.3051833885958522 1.686089936116313
-0.29243410377546813 1.6886988850719327
-0.28831887743801954 1.7010445640842782
-0.296952935920955 1.710781294141004
-0.3097022207413391 1.7081723451853845
-0.3055869944038905 1.7205180241977303
-0.3142210528868259 1.7302547542544562
-0.32697033770720996 1.7276458052988368
-0.3310855640446587 1.715300126286491
-0.339719622527594 1.7250368563432175
-0.3524689073479781 1.7224279073875977
-0.3483536810105295 1.7347735863999434
-0.35698773949346496 1.7445103164566695
-0.3442384546730809 1.7471192654122891
-0.34012322833563224 1.7594649444246346
-0.34875728681856766 1.7692016744813608
-0.36150657163895156 1.766592725525741
-0.3573913453015032 1.7789384045380867
-0.3660254037844386 1.7886751345948129
-0.3532761189640546 1.7912840835504324
-0.34916089262660605 1.803629762562778
-0.3405268341436706 1.793893032506052
-0.32777754932328657 1.7965019814616716
-0.32366232298583797 1.8088476604740173
-0.3322963814687735 1.8185843905307435
-0.31954709664838943 1.821193339486363
-0.31543187031094083 1.8335390184987088
-0.30679781182800536 1.8238022884419824
-0.2940485270076215 1.8264112373976022
-0.29816375334506995 1.8140655583852565
-0.28952969486213453 1.8043288283285304
-0.2767804100417505 1.80693777728415
-0.2726651837043019 1.8192834562964955
-0.2640311252213665 1.8095467262397695
-0.25128184040098245 1.8121556751953891
-0.2471666140635339 1.8245013542077348
-0.25580067254646943 1.834238084264461
-0.2430513877260854 1.8368470332200806
-0.23893616138863683 1.849192712232426
-0.24757021987157235 1.8589294422891522
-0.2603195046919564 1.8563204933335324
-0.2562042783545079 1.8686661723458784
-0.26483833683744334 1.8784029024026043
-0.2520890520170593 1.881011851358224
-0.24797382567961088 1.8933575303705696
-0.23933976719667524 1.8836208003138437
-0.22659048237629117 1.8862297492694633
-0.2224752560388426 1.898575428281809
-0.23110931452177813 1.908312158338535
-0.21836002970139406 1.9109211072941548
-0.21424480336394552 1.9232667863065003
-0.20561074488101005 1.9135300562497743
-0.19286146006062613 1.9161390052053937
-0.19697668639807459 1.9037933261930484
-0.1883426279151391 1.894056596136322
-0.17559334309475508 1.8966655450919419
-0.1714781167573065 1.9090112241042874
-0.16284405827437104 1.8992744940475614
-0.15009477345398703 1.9018834430031808
-0.15420999979143557 1.8895377639908353
-0.14557594130850007 1.8798010339341091
-0.15832522612888417 1.8771920849784896
-0.1624404524663327 1.8648464059661438
-0.15380639398339724 1.8551096759094177
-0.1410571091630133 1.8577186248650372
-0.14517233550046177 1.8453729458526917
-0.13653827701752627 1.8356362157959656
-0.12378899219714226 1.8382451647515852
-0.11967376585969369 1.850590843763931
-0.11103970737675825 1.8408541137072048
-9.829042255637423e-2 1.8434630626628243
-9.417519621892566e-2 1.8558087416751698
-0.10280925470186116 1.865545471731896
-9.00599698814771e-2 1.8681544206875156
-8.594474354402852e-2 1.8805000996998613
-7.731068506109307e-2 1.8707633696431352
-6.45614002407092e-2 1.8733723185987547
-6.867662657815762e-2 1.8610266395864092
-6.0042568095222175e-2 1.851289909529683
-4.729328327483816e-2 1.8538988584853027
-4.317805693738959e-2 1.8662445374976484
-3.454399845445414e-2 1.8565078074409223
-2.1794713634070123e-2 1.8591167563965418
-1.7679487296621568e-2 1.8714624354088873
-2.6313545779557072e-2 1.8811991654656135
-1.3564260959173013e-2 1.883808114421233
-9.449034621724457e-3 1.8961537934335788
-1.8083093104659963e-2 1.9058905234903047
-3.0832377925044254e-2 1.9032815745346852
-2.6717151587595474e-2 1.9156272535470311
-3.535121007053098e-2 1.925363983603757
-2.2601925250146912e-2 1.9279729325593769
-1.8486698912698326e-2 1.9403186115717224
-9.852640429762853e-3 1.9305818815149964
2.8966443906212076e-3 1.933190830470616
7.011870728069762e-3 1.9455365094829618
-1.6221877548657452e-3 1.955273239539688
1.1127097065518317e-2 1.9578821884953075
1.524232340296687e-2 1.9702278675076532
6.608264920031405e-3 1.9799645975643791
-6.141019900352862e-3 1.9773556486087598
-2.025793562904059e-3 1.9897013276211055
-1.0659852045839522e-2 1.9994380576778314
-2.3409136866223534e-2 1.996829108722212
-2.75243632036721e-2 1.9844834297098661
-3.615842168660755e-2 1.9942201597665925
-4.8907706506991555e-2 1.9916112108109727
-4.479248016954301e-2 2.0039568898233187
-5.342653865247851e-2 2.013693619880044
-4.067725383209446e-2 2.0163025688356644
-3.656202749464591e-2 2.0286482478480097
-4.5196085977581374e-2 2.0383849779047356
-5.794537079796565e-2 2.0357760289491162
-5.383014446051684e-2 2.048121707961462
-6.24642029434523e-2 2.057858438018188
-4.9714918123068275e-2 2.0604673869738073
-4.55996917856199e-2 2.072813065986153
-3.6965633302684264e-2 2.063076335929427
-2.421634848230024e-2 2.0656852848850464
-2.0101122144851734e-2 2.078030963897392
-2.8735180627787266e-2 2.087767693954118
-1.598589580740323e-2 2.090376642909738
-1.1870669469954727e-2 2.1027223219220836
-3.236610987019211e-3 2.0929855918653577
9.512673833364696e-3 2.095594540820977
5.3974474959163025e-3 2.083248861808632
1.4031505978851815e-2 2.0735121317519054
2.6780790799235833e-2 2.0761210807075248
3.0896017136683825e-2 2.088466759719871
3.953007561961985e-2 2.078730029663145
5.2279360440003864e-2 2.0813389786187644
5.639458677745242e-2 2.09368465763111
4.7760528294516914e-2 2.103421387687836
6.050981311490097e-2 2.106030336643456
6.462503945234953e-2 2.1183760156558016
5.599098096941402e-2 2.1281127457125275
4.324169614903012e-2 2.1255037967569077
4.735692248647851e-2 2.1378494757692534
3.8722864003543e-2 2.1475862058259794
5.147214882392707e-2 2.150195154781599
5.558737516137546e-2 2.1625408337939453
6.422143364431113e-2 2.152804103737219
7.697071846469519e-2 2.155413052692839
8.108594480214375e-2 2.1677587317051845
7.245188631920824e-2 2.17749546176191
8.52011711395923e-2 2.1801044107175302
8.931639747704084e-2 2.1924500897298755
9.795045595997631e-2 2.1827133596731496
0.11069974078036059 2.185322308628769
0.10658451444291178 2.1729766296164232
0.11521857292584724 2.1632398995596973
0.12796785774623112 2.165848848515317
0.13208308408367983 2.1781945275276624
0.14071714256661502 2.1684577974709365
0.1534664273869989 2.1710667464265563
0.14935120104955046 2.1587210674142105
0.15798525953248566 2.1489843373574846
0.14523597471210206 2.1463753884018653
0.14112074837465363 2.1340297093895195
0.14975480685758907 2.124292979332793
0.162504091677973 2.1269019282884125
0.15838886534052454 2.1145562492760672
0.16702292382346 2.104819519219341
0.17977220864384408 2.1074284681749607
0.18388743498129287 2.1197741471873064
0.19252149346422814 2.11003741713058
0.20527077828461218 2.1126463660862
0.20938600462206086 2.124992045098545
0.20075194613912536 2.134728775155272
0.2135012309595095 2.137337724110891
0.21761645729695814 2.1496834031232366
0.22625051577989355 2.1399466730665107
0.2389998006002774 2.14255562202213
0.23488457426282897 2.1302099430097847
0.24351863274576435 2.1204732129530584
0.2562679175661484 2.123082161908678
0.2603831439035968 2.135427840921024
0.2690172023865325 2.125691110864298
0.2817664872069165 2.1283000598199173
0.2776512608694679 2.1159543808075716
0.2862853193524034 2.1062176507508457
0.27353603453201936 2.103608701795226
0.26942080819457076 2.09126302278288
0.27805486667750623 2.0815262927261537
0.2908041514978897 2.0841352416817736
0.2866889251604417 2.0717895626694283
0.29532298364337717 2.062052832612702
0.2825736988229931 2.059443883657082
0.27845847248554434 2.0470982046447364
0.26982441400260904 2.0568349347014627
0.25707512918222497 2.054225985745843
0.2529599028447764 2.041880306733497
0.2615939613277119 2.0321435766767713
0.24884467650732783 2.0295346277211515
0.2447294501698792 2.0171889487088057
0.25336350865281465 2.0074522186520793
0.2661127934731984 2.010061167607699
0.2619975671357502 1.9977154885953536
0.2706316256186856 1.9879787585386275
0.2833809104390696 1.990587707494247
0.28749613677651814 2.002933386506593
0.2961301952594536 1.9931966564498667
0.3088794800798376 1.9958056054054862
0.3047642537423891 1.9834599263931407
0.3133983122253246 1.9737231963364146
0.30064902740494054 1.971114247380795
0.296533801067492 1.9587685683684493
0.30516785955042747 1.9490318383117233
0.31791714437081153 1.9516407872673427
0.31380191803336294 1.9392951082549972
0.32243597651629835 1.929558378198271
0.33518526133668236 1.9321673271538904
0.33930048767413074 1.9445130061662361
0.3479345461570664 1.9347762761095102
0.3606838309774504 1.9373852250651296
0.3647990573148989 1.9497309040774753
0.3561649988319632 1.9594676341342014
0.3689142836523474 1.9620765830898212
0.3730295099897959 1.9744222621021668
0.3816635684727314 1.9646855320454408
0.39441285329311554 1.9672944810010604
0.39029762695566694 1.9549488019887147
0.39893168543860247 1.9452120719319885
0.4116809702589864 1.947821020887608
0.4157961965964348 1.9601666998999538
0.4244302550793705 1.9504299698432277
0.4371795398997545 1.9530389187988473
0.441294766237203 1.9653845978111928
0.43266070775426735 1.975121327867919
0.4454099925746516 1.9777302768235387
0.44952521891210007 1.9900759558358843
0.4408911604291646 1.9998126858926104
0.4281418756087805 1.9972037369369908
0.4322571019462291 2.0095494159493366
0.4236230434632936 2.0192861460060625
0.43637232828367767 2.0218950949616823
0.44048755462112604 2.034240773974028
0.44912161310406173 2.024504043917302
0.46187089792444574 2.0271129928729215
0.46598612426189423 2.039458671885267
0.45735206577895876 2.0491954019419927
0.4701013505993428 2.051804350897613
0.47421657693679137 2.064150029909958
0.48285063541972684 2.0544132998532323
0.49559992024011107 2.0570222488088516
0.4914846939026623 2.044676569796506
0.5001187523855978 2.03493983973978
0.5128680372059816 2.0375487886954
0.5169832635434299 2.049894467707745
0.5256173220263656 2.0401577376510196
0.5383666068467494 2.042766686606639
0.534251380509301 2.0304210075942937
0.5428854389922365 2.0206842775375673
0.5301361541718526 2.018075328581948
0.5260209278344041 2.005729649569602
0.5346549863173397 1.995992919512876
0.5474042711377237 1.9986018684684959
0.5432890448002752 1.98625618945615
0.5519231032832106 1.9765194593994238
0.5646723881035945 1.9791284083550433
0.568787614441043 1.9914740873673888
0.5774216729239786 1.9817373573106631
0.5901709577443626 1.9843463062662825
0.5942861840818111 1.9966919852786282
0.5856521255988757 2.006428715335354
0.5984014104192596 2.009037664290974
0.6025166367567082 2.0213833433033197
0.6111506952396437 2.0116466132465938
0.6238999800600277 2.0142555622022136
0.6197847537225794 2.001909883189868
0.6284188122055148 1.9921731531331415
0.6411680970258988 1.994782102088761
0.6452833233633473 2.0071277811011066
0.6539173818462828 1.9973910510443806
0.6666666666666667 2.0
0.6707818930041154 2.0123456790123457
0.6621478345211799 2.0220824090690717
0.6748971193415639 2.0246913580246915
0.6790123456790125 2.037037037037037
0.670378287196077 2.046773767093763
0.6576290023756931 2.0441648181381433
0.6617442287131415 2.056510497150489
0.653110170230206 2.066247227207215
0.6658594550505901 2.068856176162835
0.6699746813880385 2.081201855175181
0.6786087398709741 2.0714651251184546
0.6913580246913582 2.0740740740740744
0.6954732510288067 2.08641975308642
0.6868391925458713 2.0961564831431456
0.6995884773662553 2.098765432098766
0.7037037037037038 2.111111111111111
0.6950696452207684 2.120847841167837
0.6823203604003841 2.1182388922122177
0.686435586737833 2.1305845712245635
0.6778015282548975 2.1403213012812894
0.6650522434345133 2.1377123523256696
0.6609370170970645 2.125366673313324
0.6523029586141292 2.1351034033700502
0.6395536737937451 2.1324944544144304
0.6436689001311937 2.144840133426776
0.635034841648258 2.1545768634835025
0.6477841264686425 2.1571858124391223
0.6518993528060911 2.169531491451468
0.6432652943231556 2.179268221508194
0.6305160095027718 2.176659272552574
0.6346312358402202 2.18900495156492
0.6259971773572847 2.198741681621646
0.6387464621776686 2.2013506305772657
0.6428616885151174 2.2136963095896114
0.6514957469980527 2.203959579532885
0.6642450318184367 2.206568528488505
0.6683602581558854 2.21891420750085
0.65972619967295 2.228650937557577
0.672475484493334 2.231259886513196
0.6765907108307827 2.2436055655255416
0.6852247693137181 2.2338688354688157
0.697974054134102 2.236477784424435
0.6938588277966535 2.2241321054120897
0.702492886279589 2.2143953753553633
0.715242171099973 2.217004324310983
0.7193573974374213 2.2293500033233284
0.727991455920357 2.219613273266603
0.7407407407407409 2.2222222222222223
0.7448559670781896 2.234567901234568
0.736221908595254 2.244304631291294
0.7489711934156382 2.246913580246914
0.7530864197530867 2.259259259259259
0.7444523612701511 2.268995989315985
0.7317030764497668 2.2663870403603656
0.7358183027872156 2.2787327193727114
0.7271842443042801 2.2884694494294373
0.7399335291246643 2.291078398385057
0.744048755462113 2.303424077397403
0.7526828139450483 2.2936873473406765
0.7654320987654324 2.2962962962962963
0.7695473251028808 2.308641975308642
0.7609132666199454 2.3183787053653684
0.7736625514403295 2.3209876543209877
0.7777777777777779 2.333333333333333
0.7691437192948425 2.3430700633900594
0.7563944344744585 2.3404611144344396
0.7605096608119071 2.3528067934467853
0.7518756023289715 2.3625435235035113
0.7391263175085875 2.3599345745478915
0.7350110911711388 2.347588895535546
0.7263770326882035 2.357325625592272
0.7136277478678195 2.3547166766366523
0.7177429742052681 2.367062355648998
0.7091089157223326 2.376799085705724
0.7218582005427167 2.3794080346613438
0.7259734268801652 2.3917537136736895
0.7173393683972298 2.4014904437304154
0.7045900835768454 2.398881494774796
0.7087053099142943 2.411227173787142
0.7000712514313587 2.4209639038438677
0.6873219666109747 2.4183549548882484
0.6832067402735259 2.406009275875902
0.6745726817905906 2.415746005932629
0.6618233969702065 2.413137056977009
0.6577081706327579 2.4007913779646635
0.6663422291156933 2.391054647907937
0.6535929442953092 2.3884456989523177
0.6494777179578606 2.376100019939972
0.6408436594749252 2.385836749996698
0.628094374654541 2.3832278010410786
0.6322096009919899 2.3955734800534243
0.6235755425090544 2.4053102101101507
0.6108262576886704 2.402701261154531
0.6067110313512216 2.3903555821421856
0.5980769728682864 2.4000923121989115
0.5853276880479023 2.3974833632432917
0.5894429143853509 2.4098290422556374
0.5808088559024155 2.4195657723123634
0.5935581407227994 2.422174721267983
0.5976733670602481 2.434520400280329
0.5890393085773126 2.444257130337055
0.5762900237569287 2.441648181381435
0.5804052500943772 2.4539938603937808
0.5717711916114416 2.4637305904505067
0.5845204764318257 2.4663395394061265
0.5886357027692741 2.4786852184184727
0.5972697612522098 2.4689484883617463
0.6100190460725938 2.471557437317366
0.6141342724100425 2.483903116329712
0.605500213927107 2.4936398463864373
0.618249498747491 2.4962487953420576
0.6223647250849396 2.508594474354403
0.6137306666020041 2.518331204411129
0.6009813817816198 2.5157222554555094
0.6050966081190687 2.528067934467855
0.5964625496361332 2.537804664524581
0.5837132648157493 2.5351957155689613
0.5795980384783005 2.5228500365566155
0.5709639799953652 2.532586766613342
0.5582146951749811 2.529977817657722
0.5623299215124297 2.542323496670068
0.5536958630294938 2.5520602267267942
0.5664451478498783 2.554669175682414
0.5705603741873269 2.5670148546947593
0.5619263157043913 2.5767515847514852
0.549177030884007 2.574142635795866
0.5532922572214559 2.5864883148082116
0.5446581987385204 2.5962250448649375
0.5574074835589045 2.5988339938205574
0.5615227098963529 2.611179672832903
0.5701567683792885 2.601442942776177
0.5829060531996725 2.6040518917317965
0.587021279537121 2.6163975707441423
0.5783872210541855 2.626134300800868
0.5911365058745695 2.628743249756488
0.595251732212018 2.6410889287688333
0.6038857906949535 2.6313521987121073
0.6166350755153375 2.633961147667727
0.612519849177889 2.6216154686553814
0.6211539076608246 2.6118787385986555
0.6339031924812086 2.614487687554275
0.638018418818657 2.62683336656662
0.6466524773015926 2.6170966365098947
0.6594017621219765 2.619705585465514
0.6635169884594251 2.6320512644778598
0.6548829299764897 2.6417879945345857
0.6676322147968736 2.6443969434902055
0.6717474411343222 2.656742622502551
0.6631133826513866 2.666479352559277
0.6503640978310028 2.6638704036036573
0.6544793241684512 2.676216082616003
0.6458452656855157 2.685952812672729
0.6585945505058998 2.688561761628349
0.6627097768433478 2.700907440640695
0.6713438353262839 2.691170710583969
0.6840931201466679 2.6937796595395884
0.6882083464841164 2.706125338551934
0.6795742880011809 2.71586206860866
0.6923235728215651 2.71847101756428
0.6964387991590135 2.730816696576625
0.705072857641949 2.7210799665198993
0.7178221424623333 2.7236889154755186
0.7137069161248846 2.711343236463173
0.72234097460782 2.701606506406447
0.7350902594282038 2.7042154553620668
0.7392054857656523 2.7165611343744125
0.7478395442485879 2.7068244043176866
0.7605888290689716 2.709433353273306
0.7564736027315233 2.6970876742609606
0.7651076612144588 2.6873509442042343
0.7523583763940749 2.684741995248615
0.7482431500566264 2.672396316236269
0.7568772085395619 2.662659586179543
0.7696264933599458 2.665268535135162
0.7655112670224974 2.652922856122817
0.7741453255054328 2.6431861260660905
0.7868946103258168 2.64579507502171
0.7910098366632652 2.6581407540340556
0.7996438951462008 2.6484040239773297
0.8123931799665849 2.651012972932949
0.8165084063040333 2.6633586519452948
0.8078743478210979 2.673095382002021
0.820623632641482 2.6757043309576405
0.8247388589789304 2.688050009969986
0.8333729174618659 2.6783132799132603
0.8461222022822498 2.6809222288688797
0.8420069759448015 2.6685765498565344
0.8506410344277369 2.658839819799808
0.8633903192481209 2.6614487687554274
0.8675055455855694 2.6737944477677735
0.876139604068505 2.664057717711047
0.888888888888889 2.6666666666666665
0.8930041152263375 2.6790123456790123
0.8843700567434015 2.688749075735738
0.897119341563786 2.6913580246913584
0.9012345679012346 2.7037037037037037
0.892600509418299 2.7134404337604296
0.8798512245979148 2.7108314848048103
0.8839664509353636 2.723177163817156
0.8753323924524281 2.732913893873882
0.8880816772728122 2.7355228428295018
0.8921969036102606 2.7478685218418475
0.9008309620931962 2.7381317917851216
0.9135802469135803 2.740740740740741
0.9176954732510288 2.7530864197530867
0.9090614147680934 2.7628231498098126
0.9218106995884774 2.7654320987654324
0.9259259259259259 2.7777777777777777
0.9172918674429904 2.7875145078345036
0.9045425826226062 2.7849055588788842
0.908657808960055 2.79725123789123
0.9000237504771196 2.806987967947956
0.8872744656567355 2.8043790189923365
0.8831592393192871 2.792033339979991
0.8745251808363516 2.8017700700367167
0.8617758960159675 2.799161121081097
0.865891122353416 2.8115068000934427
0.8572570638704805 2.821243530150169
0.8700063486908647 2.8238524791057884
0.8741215750283131 2.836198158118134
0.8654875165453777 2.8459348881748605
0.8527382317249937 2.8433259392192407
0.8568534580624423 2.8556716182315864
0.8482193995795068 2.8654083482883124
0.8609686843998907 2.8680172972439317
0.8650839107373387 2.880362976256278
0.8737179692202749 2.870626246199552
0.8864672540406588 2.8732351951551713
0.8905824803781075 2.885580874167517
0.881948421895172 2.895317604224243
0.894697706715556 2.897926553179863
0.8988129330530045 2.9102722321922085
0.90744699153594 2.9005355021354826
0.9201962763563238 2.903144451091102
0.9160810500188755 2.8907987720787567
0.9247151085018109 2.8810620420220303
0.9374643933221949 2.8836709909776497
0.9415796196596433 2.896016669989996
0.950213678142579 2.8862799399332695
0.962962962962963 2.888888888888889
0.9670781893004115 2.9012345679012346
0.9584441308174761 2.910971297957961
0.9711934156378601 2.9135802469135803
0.9753086419753086 2.9259259259259256
0.9666745834923731 2.935662655982652
0.9539252986719888 2.9330537070270326
0.9580405250094377 2.9453993860393783
0.9494064665265022 2.9551361160961043
0.9621557513468862 2.9577450650517236
0.9662709776843347 2.9700907440640694
0.9749050361672704 2.9603540140073434
0.9876543209876544 2.962962962962963
0.9917695473251029 2.9753086419753085
0.9831354888421674 2.985045372032035
0.9958847736625516 2.9876543209876543
1.0 3.0
