0.0 0.0
4.115226337448562e-3 0.0
6.172839506172842e-3 3.563890550553247e-3
8.230452674897124e-3 0.0
1.2345679012345684e-2 0.0
1.4403292181069963e-2 3.563890550553247e-3
1.2345679012345684e-2 7.1277811011064935e-3
1.6460905349794244e-2 7.127781101106494e-3
1.8518518518518524e-2 1.069167165165974e-2
2.0576131687242805e-2 7.127781101106493e-3
2.4691358024691364e-2 7.1277811011064935e-3
2.2633744855967086e-2 3.5638905505532463e-3
2.4691358024691367e-2 0.0
2.8806584362139925e-2 0.0
3.086419753086421e-2 3.563890550553247e-3
3.292181069958849e-2 0.0
3.703703703703705e-2 0.0
3.9094650205761326e-2 3.5638905505532476e-3
3.703703703703705e-2 7.127781101106498e-3
4.115226337448561e-2 7.127781101106495e-3
4.320987654320989e-2 1.0691671651659742e-2
4.1152263374485604e-2 1.4255562202212987e-2
3.703703703703705e-2 1.4255562202212989e-2
3.9094650205761326e-2 1.781945275276623e-2
3.703703703703704e-2 2.1383343303319476e-2
4.1152263374485604e-2 2.138334330331948e-2
4.320987654320989e-2 2.494723385387273e-2
4.5267489711934165e-2 2.1383343303319483e-2
4.938271604938273e-2 2.1383343303319483e-2
5.1440329218107005e-2 2.494723385387273e-2
4.938271604938273e-2 2.8511124404425978e-2
5.349794238683129e-2 2.8511124404425978e-2
5.5555555555555566e-2 3.207501495497922e-2
5.761316872427985e-2 2.8511124404425974e-2
6.1728395061728406e-2 2.8511124404425978e-2
5.9670781893004135e-2 2.494723385387273e-2
6.1728395061728406e-2 2.138334330331948e-2
6.584362139917696e-2 2.1383343303319483e-2
6.790123456790124e-2 2.494723385387274e-2
6.995884773662553e-2 2.1383343303319487e-2
7.407407407407408e-2 2.138334330331949e-2
7.201646090534981e-2 1.7819452752766238e-2
7.407407407407408e-2 1.4255562202213003e-2
6.995884773662554e-2 1.425556220221299e-2
6.790123456790126e-2 1.069167165165974e-2
6.995884773662554e-2 7.127781101106493e-3
7.40740740740741e-2 7.127781101106496e-3
7.201646090534983e-2 3.5638905505532463e-3
7.40740740740741e-2 0.0
7.818930041152265e-2 0.0
8.024691358024694e-2 3.5638905505532533e-3
8.230452674897122e-2 0.0
8.641975308641978e-2 0.0
8.847736625514406e-2 3.5638905505532455e-3
8.641975308641978e-2 7.127781101106494e-3
9.053497942386834e-2 7.127781101106491e-3
9.259259259259262e-2 1.0691671651659735e-2
9.465020576131689e-2 7.127781101106489e-3
9.876543209876545e-2 7.127781101106506e-3
9.670781893004118e-2 3.5638905505532446e-3
9.876543209876545e-2 0.0
0.10288065843621401 0.0
0.1049382716049383 3.5638905505532533e-3
0.10699588477366258 0.0
0.11111111111111113 0.0
0.1131687242798354 3.5638905505532476e-3
0.11111111111111113 7.127781101106509e-3
0.1152263374485597 7.127781101106495e-3
0.11728395061728397 1.0691671651659742e-2
0.11522633744855969 1.4255562202212987e-2
0.11111111111111113 1.4255562202212996e-2
0.11316872427983542 1.781945275276623e-2
0.11111111111111113 2.1383343303319476e-2
0.1152263374485597 2.138334330331948e-2
0.11728395061728397 2.4947233853872732e-2
0.11934156378600827 2.1383343303319483e-2
0.12345679012345681 2.1383343303319483e-2
0.1255144032921811 2.494723385387273e-2
0.1234567901234568 2.8511124404425964e-2
0.12757201646090538 2.8511124404425978e-2
0.12962962962962965 3.207501495497922e-2
0.12757201646090538 3.563890550553247e-2
0.1234567901234568 3.5638905505532475e-2
0.1255144032921811 3.920279605608572e-2
0.12345679012345681 4.276668660663896e-2
0.11934156378600824 4.276668660663896e-2
0.11728395061728397 3.920279605608572e-2
0.11522633744855969 4.276668660663896e-2
0.11111111111111112 4.276668660663895e-2
0.1131687242798354 4.63305771571922e-2
0.11111111111111112 4.989446770774545e-2
0.11522633744855969 4.989446770774545e-2
0.11728395061728397 5.345835825829869e-2
0.11522633744855967 5.702224880885194e-2
0.11111111111111112 5.702224880885194e-2
0.1131687242798354 6.058613935940518e-2
0.1111111111111111 6.415002990995843e-2
0.11522633744855967 6.415002990995843e-2
0.11728395061728394 6.771392046051168e-2
0.11934156378600824 6.415002990995843e-2
0.1234567901234568 6.415002990995843e-2
0.12551440329218108 6.771392046051167e-2
0.12345679012345678 7.127781101106495e-2
0.12757201646090538 7.127781101106492e-2
0.12962962962962965 7.484170156161818e-2
0.13168724279835392 7.127781101106494e-2
0.1358024691358025 7.127781101106495e-2
0.13374485596707822 6.77139204605117e-2
0.1358024691358025 6.415002990995844e-2
0.13991769547325106 6.415002990995844e-2
0.14197530864197533 6.771392046051167e-2
0.1440329218106996 6.415002990995844e-2
0.14814814814814817 6.415002990995844e-2
0.15020576131687244 6.77139204605117e-2
0.14814814814814817 7.127781101106495e-2
0.15226337448559674 7.127781101106494e-2
0.154320987654321 7.484170156161818e-2
0.15226337448559674 7.840559211217143e-2
0.14814814814814817 7.840559211217143e-2
0.15020576131687247 8.196948266272468e-2
0.14814814814814817 8.553337321327792e-2
0.15226337448559674 8.553337321327792e-2
0.154320987654321 8.909726376383117e-2
0.1563786008230453 8.553337321327792e-2
0.16049382716049385 8.553337321327792e-2
0.16255144032921814 8.909726376383116e-2
0.16049382716049385 9.26611543143844e-2
0.16460905349794241 9.26611543143844e-2
0.16666666666666669 9.622504486493764e-2
0.16872427983539098 9.26611543143844e-2
0.17283950617283955 9.266115431438442e-2
0.17078189300411528 8.909726376383115e-2
0.17283950617283955 8.55333732132779e-2
0.17695473251028812 8.55333732132779e-2
0.1790123456790124 8.909726376383116e-2
0.1810699588477367 8.55333732132779e-2
0.18518518518518523 8.55333732132779e-2
0.18312757201646096 8.196948266272466e-2
0.1851851851851852 7.840559211217142e-2
0.1810699588477367 7.840559211217142e-2
0.1790123456790124 7.484170156161817e-2
0.1810699588477367 7.127781101106492e-2
0.18518518518518523 7.127781101106491e-2
0.18312757201646096 6.771392046051167e-2
0.18518518518518523 6.415002990995843e-2
0.18930041152263377 6.415002990995843e-2
0.19135802469135807 6.771392046051171e-2
0.19341563786008237 6.415002990995843e-2
0.1975308641975309 6.415002990995843e-2
0.19958847736625518 6.771392046051167e-2
0.1975308641975309 7.127781101106494e-2
0.20164609053497948 7.127781101106492e-2
0.20370370370370375 7.484170156161817e-2
0.20576131687242805 7.127781101106492e-2
0.2098765432098766 7.127781101106491e-2
0.20781893004115232 6.771392046051167e-2
0.2098765432098766 6.415002990995843e-2
0.21399176954732516 6.415002990995843e-2
0.21604938271604943 6.771392046051168e-2
0.21810699588477372 6.415002990995843e-2
0.22222222222222227 6.415002990995843e-2
0.220164609053498 6.0586139359405176e-2
0.22222222222222224 5.702224880885194e-2
0.21810699588477372 5.7022248808851934e-2
0.21604938271604943 5.3458358258298685e-2
0.21810699588477372 4.989446770774544e-2
0.22222222222222227 4.989446770774546e-2
0.22016460905349802 4.6330577157192195e-2
0.2222222222222223 4.2766686606638946e-2
0.21810699588477372 4.2766686606638946e-2
0.21604938271604945 3.920279605608572e-2
0.21399176954732518 4.2766686606638946e-2
0.2098765432098766 4.2766686606638946e-2
0.20781893004115232 3.9202796056085704e-2
0.20987654320987656 3.563890550553246e-2
0.20576131687242805 3.563890550553246e-2
0.20370370370370375 3.207501495497921e-2
0.20576131687242805 2.8511124404425964e-2
0.20987654320987656 2.8511124404425957e-2
0.20781893004115232 2.4947233853872722e-2
0.2098765432098766 2.1383343303319473e-2
0.21399176954732516 2.138334330331948e-2
0.21604938271604943 2.494723385387274e-2
0.21810699588477372 2.138334330331949e-2
0.22222222222222227 2.1383343303319497e-2
0.220164609053498 1.7819452752766245e-2
0.2222222222222223 1.4255562202213003e-2
0.21810699588477372 1.425556220221299e-2
0.21604938271604945 1.0691671651659736e-2
0.21810699588477372 7.127781101106491e-3
0.22222222222222227 7.127781101106482e-3
0.220164609053498 3.5638905505532455e-3
0.22222222222222227 0.0
0.2263374485596708 0.0
0.2283950617283951 3.563890550553277e-3
0.2304526748971194 0.0
0.23456790123456794 0.0
0.23662551440329221 3.5638905505532455e-3
0.23456790123456794 7.127781101106506e-3
0.2386831275720165 7.127781101106491e-3
0.24074074074074078 1.0691671651659735e-2
0.24279835390946508 7.127781101106489e-3
0.2469135802469136 7.127781101106482e-3
0.24485596707818935 3.5638905505532446e-3
0.24691358024691362 0.0
0.2510288065843622 0.0
0.25308641975308643 3.563890550553229e-3
0.25514403292181076 0.0
0.2592592592592593 0.0
0.26131687242798357 3.563890550553246e-3
0.2592592592592593 7.127781101106482e-3
0.26337448559670784 7.127781101106492e-3
0.2654320987654321 1.0691671651659736e-2
0.26337448559670784 1.4255562202212989e-2
0.2592592592592593 1.4255562202213003e-2
0.26131687242798357 1.7819452752766245e-2
0.2592592592592593 2.1383343303319494e-2
0.26337448559670784 2.1383343303319487e-2
0.26543209876543217 2.494723385387276e-2
0.26748971193415644 2.138334330331948e-2
0.271604938271605 2.1383343303319473e-2
0.27366255144032925 2.494723385387272e-2
0.2716049382716049 2.8511124404425953e-2
0.2757201646090535 2.8511124404425964e-2
0.2777777777777778 3.2075014954979206e-2
0.27983539094650206 2.851112440442596e-2
0.28395061728395066 2.8511124404426e-2
0.2818930041152264 2.4947233853872715e-2
0.28395061728395066 2.138334330331947e-2
0.2880658436213992 2.1383343303319476e-2
0.2901234567901235 2.4947233853872756e-2
0.2921810699588478 2.1383343303319487e-2
0.29629629629629634 2.1383343303319494e-2
0.29423868312757206 1.781945275276624e-2
0.2962962962962964 1.4255562202213e-2
0.2921810699588478 1.4255562202212989e-2
0.2901234567901235 1.0691671651659735e-2
0.2921810699588478 7.127781101106489e-3
0.2962962962962964 7.127781101106482e-3
0.29423868312757206 3.5638905505532446e-3
0.29629629629629634 0.0
0.3004115226337449 0.0
0.30246913580246915 3.563890550553277e-3
0.3045267489711935 0.0
0.308641975308642 0.0
0.3106995884773663 3.5638905505532455e-3
0.308641975308642 7.12778110110653e-3
0.3127572016460906 7.127781101106491e-3
0.3148148148148149 1.0691671651659735e-2
0.31687242798353915 7.127781101106489e-3
0.32098765432098775 7.127781101106482e-3
0.3189300411522634 3.5638905505532446e-3
0.3209876543209877 0.0
0.3251028806584363 0.0
0.3271604938271605 3.563890550553229e-3
0.32921810699588483 0.0
0.33333333333333337 0.0
0.3353909465020577 3.5638905505532476e-3
0.33333333333333337 7.127781101106486e-3
0.33744855967078197 7.127781101106495e-3
0.33950617283950624 1.0691671651659742e-2
0.33744855967078197 1.4255562202212996e-2
0.33333333333333337 1.4255562202213006e-2
0.3353909465020577 1.781945275276625e-2
0.3333333333333334 2.13833433033195e-2
0.33744855967078197 2.1383343303319494e-2
0.33950617283950624 2.494723385387277e-2
0.34156378600823056 2.138334330331949e-2
0.3456790123456791 2.1383343303319483e-2
0.3477366255144034 2.494723385387273e-2
0.3456790123456791 2.8511124404425964e-2
0.34979423868312765 2.8511124404425978e-2
0.3518518518518519 3.207501495497922e-2
0.34979423868312765 3.563890550553247e-2
0.3456790123456791 3.5638905505532524e-2
0.34773662551440343 3.920279605608572e-2
0.3456790123456791 4.2766686606638966e-2
0.34156378600823056 4.276668660663896e-2
0.33950617283950624 3.920279605608573e-2
0.337448559670782 4.276668660663896e-2
0.3333333333333334 4.2766686606638946e-2
0.3353909465020577 4.63305771571922e-2
0.33333333333333337 4.989446770774549e-2
0.337448559670782 4.9894467707745464e-2
0.33950617283950624 5.345835825829871e-2
0.3374485596707819 5.702224880885196e-2
0.33333333333333337 5.702224880885202e-2
0.3353909465020577 6.058613935940521e-2
0.33333333333333337 6.415002990995845e-2
0.33744855967078197 6.415002990995845e-2
0.33950617283950624 6.771392046051174e-2
0.34156378600823056 6.415002990995845e-2
0.3456790123456791 6.415002990995845e-2
0.3477366255144034 6.77139204605117e-2
0.3456790123456791 7.127781101106492e-2
0.34979423868312765 7.127781101106494e-2
0.3518518518518519 7.484170156161818e-2
0.3539094650205762 7.127781101106494e-2
0.3580246913580248 7.127781101106498e-2
0.3559670781893005 6.77139204605117e-2
0.3580246913580248 6.415002990995845e-2
0.3621399176954734 6.415002990995845e-2
0.3641975308641976 6.771392046051167e-2
0.3662551440329219 6.415002990995845e-2
0.37037037037037046 6.415002990995844e-2
0.3724279835390948 6.77139204605117e-2
0.37037037037037046 7.127781101106498e-2
0.3744855967078191 7.127781101106494e-2
0.3765432098765433 7.484170156161818e-2
0.37448559670781906 7.840559211217143e-2
0.37037037037037046 7.840559211217145e-2
0.3724279835390948 8.196948266272469e-2
0.37037037037037046 8.553337321327795e-2
0.374485596707819 8.553337321327795e-2
0.3765432098765433 8.909726376383126e-2
0.37860082304526765 8.553337321327793e-2
0.3827160493827162 8.553337321327792e-2
0.3847736625514404 8.909726376383116e-2
0.38271604938271614 9.266115431438446e-2
0.38683127572016474 9.26611543143844e-2
0.38888888888888895 9.622504486493764e-2
0.38683127572016474 9.978893541549089e-2
0.3827160493827161 9.978893541549089e-2
0.38477366255144047 0.10335282596604414
0.38271604938271614 0.10691671651659737
0.3786008230452676 0.10691671651659737
0.3765432098765433 0.10335282596604416
0.37448559670781906 0.1069167165165974
0.37037037037037046 0.1069167165165974
0.3724279835390948 0.11048060706715063
0.37037037037037046 0.11404449761770391
0.3744855967078191 0.11404449761770388
0.3765432098765433 0.11760838816825711
0.37448559670781906 0.12117227871881037
0.37037037037037046 0.12117227871881037
0.3724279835390948 0.12473616926936361
0.37037037037037046 0.12830005981991685
0.36625514403292186 0.12830005981991682
0.3641975308641976 0.1247361692693636
0.3621399176954733 0.12830005981991682
0.3580246913580247 0.12830005981991682
0.35596707818930046 0.1247361692693636
0.35802469135802467 0.12117227871881037
0.3539094650205762 0.12117227871881037
0.3518518518518519 0.11760838816825714
0.34979423868312765 0.12117227871881037
0.34567901234567916 0.12117227871881041
0.34773662551440343 0.1247361692693636
0.3456790123456791 0.12830005981991682
0.34156378600823056 0.12830005981991682
0.33950617283950624 0.12473616926936354
0.33744855967078197 0.12830005981991682
0.33333333333333337 0.1283000598199168
0.3353909465020577 0.13186395037047005
0.33333333333333337 0.1354278409210233
0.33744855967078197 0.13542784092102333
0.33950617283950624 0.13899173147157656
0.3374485596707819 0.14255562202212982
0.33333333333333337 0.14255562202212987
0.3353909465020577 0.14611951257268307
0.33333333333333337 0.14968340312323633
0.33744855967078197 0.14968340312323633
0.33950617283950624 0.15324729367378961
0.34156378600823056 0.14968340312323636
0.3456790123456791 0.14968340312323633
0.3477366255144034 0.1532472936737896
0.3456790123456791 0.15681118422434281
0.34979423868312765 0.15681118422434284
0.3518518518518519 0.16037507477489607
0.34979423868312765 0.1639389653254493
0.3456790123456791 0.16393896532544935
0.34773662551440343 0.16750285587600255
0.3456790123456791 0.17106674642655578
0.34156378600823056 0.17106674642655578
0.33950617283950624 0.16750285587600255
0.337448559670782 0.17106674642655578
0.3333333333333334 0.17106674642655575
0.3353909465020577 0.174630636977109
0.33333333333333337 0.17819452752766232
0.337448559670782 0.1781945275276623
0.33950617283950624 0.18175841807821552
0.3374485596707819 0.18532230862876875
0.33333333333333337 0.18532230862876883
0.3353909465020577 0.18888619917932203
0.33333333333333337 0.19245008972987523
0.3374485596707819 0.19245008972987526
0.33950617283950624 0.19601398028042855
0.3415637860082305 0.19245008972987526
0.34567901234567905 0.19245008972987526
0.3477366255144033 0.1960139802804285
0.345679012345679 0.1995778708309818
0.34979423868312765 0.19957787083098177
0.35185185185185186 0.203141761381535
0.35390946502057613 0.19957787083098177
0.3580246913580247 0.1995778708309818
0.35596707818930046 0.19601398028042852
0.3580246913580247 0.19245008972987526
0.36213991769547327 0.19245008972987526
0.3641975308641976 0.19601398028042855
0.36625514403292186 0.19245008972987526
0.3703703703703704 0.19245008972987526
0.3724279835390947 0.1960139802804285
0.3703703703703704 0.1995778708309818
0.374485596707819 0.19957787083098177
0.37654320987654327 0.203141761381535
0.374485596707819 0.20670565193208829
0.3703703703703704 0.2067056519320882
0.3724279835390947 0.21026954248264154
0.3703703703703704 0.21383343303319477
0.374485596707819 0.21383343303319477
0.37654320987654327 0.21739732358374803
0.3786008230452676 0.21383343303319477
0.38271604938271614 0.21383343303319474
0.3847736625514404 0.21739732358374797
0.3827160493827161 0.22096121413430128
0.38683127572016474 0.22096121413430125
0.38888888888888895 0.22452510468485448
0.3909465020576133 0.22096121413430123
0.39506172839506176 0.22096121413430123
0.39300411522633755 0.217397323583748
0.3950617283950618 0.21383343303319474
0.39917695473251036 0.21383343303319474
0.40123456790123463 0.21739732358374797
0.4032921810699589 0.21383343303319474
0.40740740740740744 0.21383343303319471
0.4053497942386831 0.21026954248264146
0.4074074074074074 0.2067056519320883
0.4032921810699589 0.20670565193208826
0.40123456790123463 0.20314176138153503
0.4032921810699589 0.19957787083098177
0.4074074074074074 0.19957787083098177
0.40534979423868317 0.19601398028042855
0.40740740740740744 0.1924500897298753
0.411522633744856 0.1924500897298753
0.41358024691358025 0.19601398028042852
0.4156378600823045 0.19245008972987532
0.41975308641975306 0.1924500897298753
0.42181069958847733 0.19601398028042855
0.41975308641975306 0.19957787083098186
0.42386831275720166 0.19957787083098183
0.42592592592592593 0.20314176138153509
0.42798353909465026 0.19957787083098183
0.43209876543209874 0.19957787083098186
0.4300411522633746 0.1960139802804286
0.4320987654320988 0.19245008972987532
0.43621399176954734 0.19245008972987532
0.43827160493827166 0.1960139802804286
0.44032921810699593 0.19245008972987532
0.4444444444444445 0.1924500897298753
0.44650205761316875 0.19601398028042855
0.4444444444444445 0.19957787083098175
0.448559670781893 0.19957787083098177
0.4506172839506173 0.203141761381535
0.44855967078189296 0.20670565193208829
0.4444444444444444 0.2067056519320883
0.44650205761316875 0.21026954248264154
0.4444444444444445 0.21383343303319477
0.448559670781893 0.21383343303319477
0.4506172839506173 0.21739732358374803
0.4526748971193416 0.21383343303319477
0.45679012345679015 0.21383343303319474
0.4588477366255144 0.21739732358374797
0.45679012345679015 0.22096121413430123
0.4609053497942387 0.22096121413430125
0.46296296296296297 0.22452510468485448
0.4609053497942387 0.2280889952354077
0.45679012345679015 0.2280889952354078
0.4588477366255145 0.231652885785961
0.45679012345679015 0.23521677633651422
0.4526748971193416 0.23521677633651422
0.4506172839506173 0.231652885785961
0.44855967078189307 0.23521677633651422
0.4444444444444445 0.2352167763365142
0.44650205761316875 0.23878066688706745
0.4444444444444444 0.2423445574376207
0.448559670781893 0.24234455743762073
0.4506172839506173 0.24590844798817396
0.44855967078189296 0.2494723385387272
0.4444444444444444 0.24947233853872727
0.44650205761316875 0.2530362290892805
0.4444444444444444 0.2566001196398337
0.448559670781893 0.2566001196398337
0.4506172839506173 0.260164010190387
0.4526748971193416 0.2566001196398337
0.45679012345679015 0.2566001196398337
0.4588477366255144 0.26016401019038693
0.45679012345679015 0.2637279007409402
0.4609053497942387 0.2637279007409402
0.46296296296296297 0.26729179129149344
0.46502057613168724 0.2637279007409402
0.46913580246913583 0.2637279007409402
0.46707818930041156 0.26016401019038693
0.46913580246913583 0.2566001196398337
0.47325102880658443 0.2566001196398337
0.47530864197530864 0.26016401019038693
0.47736625514403297 0.2566001196398337
0.4814814814814815 0.2566001196398337
0.4835390946502057 0.26016401019038693
0.4814814814814815 0.2637279007409402
0.48559670781893005 0.2637279007409402
0.4876543209876543 0.26729179129149344
0.48559670781893005 0.27085568184204667
0.4814814814814815 0.27085568184204667
0.4835390946502058 0.27441957239259995
0.4814814814814815 0.2779834629431532
0.48559670781893005 0.2779834629431532
0.4876543209876544 0.28154735349370646
0.48971193415637865 0.2779834629431532
0.4938271604938272 0.2779834629431532
0.49588477366255146 0.2815473534937064
0.49382716049382713 0.2851112440442597
0.4979423868312758 0.2851112440442597
0.5 0.2886751345948129
0.5020576131687243 0.2851112440442597
0.5061728395061729 0.2851112440442597
0.5041152263374487 0.2815473534937064
0.5061728395061729 0.2779834629431532
0.5102880658436215 0.2779834629431532
0.5123456790123457 0.2815473534937064
0.5144032921810701 0.2779834629431532
0.5185185185185186 0.2779834629431532
0.5164609053497943 0.27441957239259995
0.5185185185185186 0.2708556818420467
0.5144032921810701 0.2708556818420467
0.5123456790123457 0.26729179129149344
0.51440329218107 0.2637279007409402
0.5185185185185186 0.2637279007409402
0.5164609053497943 0.26016401019038693
0.5185185185185185 0.2566001196398337
0.522633744855967 0.2566001196398337
0.5246913580246914 0.26016401019038704
0.5267489711934157 0.2566001196398337
0.5308641975308642 0.2566001196398337
0.5329218106995884 0.26016401019038693
0.5308641975308641 0.2637279007409402
0.5349794238683128 0.2637279007409402
0.537037037037037 0.26729179129149344
0.5390946502057612 0.2637279007409402
0.5432098765432097 0.2637279007409403
0.5411522633744856 0.26016401019038704
0.5432098765432098 0.25660011963983376
0.5473251028806584 0.25660011963983376
0.5493827160493827 0.2601640101903871
0.551440329218107 0.25660011963983376
0.5555555555555556 0.25660011963983376
0.5534979423868313 0.25303622908928053
0.5555555555555556 0.24947233853872733
0.551440329218107 0.24947233853872727
0.5493827160493827 0.24590844798817402
0.551440329218107 0.2423445574376208
0.5555555555555556 0.24234455743762084
0.5534979423868314 0.23878066688706756
0.5555555555555556 0.23521677633651433
0.551440329218107 0.23521677633651428
0.5493827160493827 0.23165288578596105
0.5473251028806585 0.23521677633651428
0.54320987654321 0.23521677633651425
0.5411522633744856 0.231652885785961
0.54320987654321 0.2280889952354078
0.5390946502057614 0.22808899523540774
0.5370370370370371 0.22452510468485448
0.5390946502057614 0.22096121413430123
0.54320987654321 0.22096121413430117
0.5411522633744856 0.217397323583748
0.54320987654321 0.21383343303319474
0.5473251028806585 0.21383343303319471
0.5493827160493827 0.21739732358374791
0.551440329218107 0.2138334330331947
0.5555555555555556 0.21383343303319466
0.5534979423868313 0.21026954248264146
0.5555555555555556 0.20670565193208826
0.551440329218107 0.20670565193208823
0.5493827160493827 0.203141761381535
0.551440329218107 0.19957787083098177
0.5555555555555556 0.1995778708309818
0.5534979423868314 0.19601398028042852
0.5555555555555556 0.19245008972987526
0.5596707818930041 0.19245008972987526
0.5617283950617284 0.1960139802804285
0.5637860082304527 0.19245008972987526
0.5679012345679012 0.19245008972987526
0.5699588477366255 0.19601398028042852
0.5679012345679012 0.19957787083098172
0.5720164609053497 0.1995778708309818
0.5740740740740741 0.20314176138153506
0.5761316872427984 0.19957787083098177
0.5802469135802469 0.19957787083098183
0.5781893004115227 0.19601398028042855
0.5802469135802469 0.19245008972987526
0.5843621399176955 0.19245008972987526
0.5864197530864197 0.1960139802804286
0.5884773662551441 0.19245008972987526
0.5925925925925926 0.19245008972987526
0.5946502057613169 0.19601398028042852
0.5925925925925926 0.19957787083098183
0.5967078189300412 0.1995778708309818
0.5987654320987654 0.20314176138153506
0.5967078189300411 0.2067056519320883
0.5925925925925926 0.20670565193208837
0.5946502057613169 0.21026954248264157
0.5925925925925926 0.21383343303319483
0.5967078189300412 0.21383343303319485
0.5987654320987654 0.21739732358374808
0.6008230452674898 0.21383343303319485
0.6049382716049383 0.21383343303319485
0.6069958847736626 0.21739732358374814
0.6049382716049383 0.2209612141343014
0.609053497942387 0.2209612141343014
0.6111111111111112 0.22452510468485462
0.6131687242798355 0.22096121413430136
0.617283950617284 0.2209612141343014
0.6152263374485598 0.21739732358374814
0.617283950617284 0.21383343303319485
0.6213991769547326 0.21383343303319485
0.6234567901234569 0.2173973235837482
0.6255144032921812 0.21383343303319488
0.6296296296296298 0.21383343303319485
0.6275720164609055 0.21026954248264162
0.6296296296296298 0.2067056519320883
0.6255144032921812 0.20670565193208837
0.6234567901234569 0.20314176138153509
0.6255144032921812 0.19957787083098183
0.6296296296296298 0.19957787083098186
0.6275720164609055 0.19601398028042857
0.6296296296296298 0.1924500897298753
0.6337448559670784 0.1924500897298753
0.6358024691358026 0.19601398028042852
0.637860082304527 0.19245008972987532
0.6419753086419755 0.1924500897298753
0.6440329218106997 0.19601398028042852
0.6419753086419755 0.1995778708309818
0.646090534979424 0.19957787083098177
0.6481481481481483 0.20314176138153497
0.6502057613168726 0.19957787083098177
0.6543209876543211 0.1995778708309817
0.6522633744855968 0.19601398028042855
0.6543209876543211 0.19245008972987532
0.6584362139917697 0.19245008972987532
0.6604938271604939 0.19601398028042855
0.6625514403292182 0.19245008972987532
0.6666666666666667 0.1924500897298753
0.6646090534979425 0.18888619917932203
0.6666666666666667 0.18532230862876875
0.6625514403292182 0.1853223086287688
0.6604938271604939 0.18175841807821555
0.6625514403292181 0.17819452752766235
0.6666666666666667 0.17819452752766238
0.6646090534979424 0.17463063697710912
0.6666666666666666 0.1710667464265559
0.6625514403292181 0.1710667464265559
0.6604938271604939 0.16750285587600272
0.6584362139917697 0.17106674642655587
0.6543209876543211 0.17106674642655584
0.6522633744855968 0.16750285587600258
0.6543209876543211 0.1639389653254494
0.6502057613168726 0.16393896532544933
0.6481481481481483 0.16037507477489607
0.6502057613168725 0.15681118422434281
0.654320987654321 0.15681118422434287
0.6522633744855968 0.1532472936737896
0.654320987654321 0.14968340312323633
0.6584362139917695 0.14968340312323636
0.6604938271604939 0.1532472936737896
0.6625514403292181 0.14968340312323636
0.6666666666666666 0.14968340312323639
0.6646090534979424 0.14611951257268313
0.6666666666666667 0.14255562202212993
0.6625514403292182 0.14255562202212987
0.6604938271604939 0.13899173147157662
0.6625514403292181 0.13542784092102336
0.6666666666666667 0.1354278409210235
0.6646090534979425 0.13186395037047013
0.6666666666666667 0.12830005981991688
0.6625514403292182 0.12830005981991688
0.6604938271604939 0.12473616926936365
0.6584362139917697 0.12830005981991688
0.6543209876543211 0.12830005981991688
0.6522633744855968 0.12473616926936365
0.6543209876543211 0.12117227871881046
0.6502057613168726 0.12117227871881044
0.6481481481481483 0.1176083881682572
0.6460905349794239 0.12117227871881042
0.6419753086419755 0.12117227871881046
0.6440329218106997 0.12473616926936366
0.6419753086419755 0.12830005981991688
0.637860082304527 0.12830005981991688
0.6358024691358026 0.12473616926936365
0.6337448559670784 0.12830005981991688
0.6296296296296298 0.12830005981991685
0.6275720164609055 0.1247361692693636
0.6296296296296298 0.12117227871881031
0.6255144032921812 0.12117227871881037
0.6234567901234569 0.11760838816825711
0.6255144032921812 0.11404449761770385
0.6296296296296298 0.11404449761770388
0.6275720164609055 0.11048060706715061
0.6296296296296298 0.10691671651659734
0.6255144032921812 0.10691671651659736
0.6234567901234569 0.10335282596604413
0.6213991769547327 0.10691671651659737
0.617283950617284 0.10691671651659737
0.6152263374485597 0.10335282596604412
0.617283950617284 9.978893541549093e-2
0.6131687242798355 9.978893541549089e-2
0.6111111111111112 9.622504486493763e-2
0.6131687242798355 9.266115431438438e-2
0.617283950617284 9.266115431438443e-2
0.6152263374485598 8.909726376383115e-2
0.617283950617284 8.553337321327789e-2
0.6213991769547326 8.55333732132779e-2
0.6234567901234569 8.909726376383123e-2
0.6255144032921812 8.553337321327792e-2
0.6296296296296298 8.553337321327792e-2
0.6275720164609055 8.196948266272466e-2
0.6296296296296298 7.840559211217138e-2
0.6255144032921812 7.840559211217141e-2
0.6234567901234569 7.484170156161815e-2
0.6255144032921812 7.12778110110649e-2
0.6296296296296298 7.127781101106495e-2
0.6275720164609055 6.771392046051167e-2
0.6296296296296298 6.415002990995841e-2
0.6337448559670784 6.415002990995841e-2
0.6358024691358026 6.771392046051164e-2
0.637860082304527 6.415002990995841e-2
0.6419753086419755 6.415002990995841e-2
0.6440329218106997 6.771392046051164e-2
0.6419753086419755 7.127781101106492e-2
0.646090534979424 7.127781101106487e-2
0.6481481481481483 7.48417015616181e-2
0.6502057613168726 7.127781101106487e-2
0.6543209876543211 7.127781101106483e-2
0.6522633744855968 6.771392046051164e-2
0.6543209876543211 6.415002990995841e-2
0.6584362139917697 6.415002990995841e-2
0.6604938271604939 6.771392046051164e-2
0.6625514403292182 6.415002990995841e-2
0.6666666666666667 6.41500299099584e-2
0.6646090534979425 6.0586139359405156e-2
0.6666666666666667 5.702224880885187e-2
0.6625514403292182 5.702224880885192e-2
0.6604938271604939 5.345835825829867e-2
0.6625514403292181 4.989446770774545e-2
0.6666666666666667 4.98944677077456e-2
0.6646090534979425 4.633057715719223e-2
0.6666666666666667 4.276668660663901e-2
0.6625514403292182 4.276668660663899e-2
0.6604938271604939 3.9202796056085745e-2
0.6584362139917697 4.2766686606638966e-2
0.6543209876543211 4.276668660663894e-2
0.6522633744855968 3.920279605608569e-2
0.6543209876543211 3.563890550553251e-2
0.6502057613168726 3.563890550553245e-2
0.6481481481481483 3.2075014954979206e-2
0.6502057613168725 2.851112440442596e-2
0.654320987654321 2.8511124404426e-2
0.6522633744855968 2.4947233853872715e-2
0.654320987654321 2.138334330331947e-2
0.6584362139917697 2.1383343303319476e-2
0.6604938271604939 2.4947233853872708e-2
0.6625514403292182 2.1383343303319487e-2
0.6666666666666667 2.1383343303319494e-2
0.6646090534979425 1.781945275276624e-2
0.6666666666666667 1.425556220221295e-2
0.6625514403292182 1.4255562202212989e-2
0.6604938271604939 1.0691671651659735e-2
0.6625514403292181 7.127781101106489e-3
0.6666666666666667 7.127781101106626e-3
0.6646090534979425 3.5638905505532446e-3
0.6666666666666667 0.0
0.6707818930041154 0.0
0.6728395061728396 3.563890550553229e-3
0.6748971193415639 0.0
0.6790123456790125 0.0
0.6810699588477367 3.5638905505532615e-3
0.6790123456790125 7.1277811011066505e-3
0.6831275720164611 7.127781101106523e-3
0.6851851851851853 1.0691671651659783e-2
0.6872427983539097 7.127781101106522e-3
0.6913580246913582 7.127781101106554e-3
0.689300411522634 3.563890550553261e-3
0.6913580246913582 0.0
0.6954732510288067 0.0
0.6975308641975311 3.563890550553229e-3
0.6995884773662553 0.0
0.7037037037037038 0.0
0.7057613168724282 3.563890550553251e-3
0.7037037037037038 7.127781101106539e-3
0.7078189300411525 7.127781101106502e-3
0.7098765432098767 1.0691671651659752e-2
0.7078189300411524 1.4255562202213008e-2
0.7037037037037037 1.4255562202213069e-2
0.7057613168724282 1.7819452752766266e-2
0.7037037037037037 2.1383343303319518e-2
0.7078189300411524 2.1383343303319514e-2
0.7098765432098766 2.4947233853872836e-2
0.711934156378601 2.138334330331951e-2
0.7160493827160496 2.1383343303319504e-2
0.7181069958847739 2.4947233853872756e-2
0.7160493827160495 2.8511124404425943e-2
0.7201646090534981 2.8511124404426005e-2
0.7222222222222223 3.2075014954979254e-2
0.7242798353909465 2.8511124404426002e-2
0.7283950617283952 2.8511124404426137e-2
0.726337448559671 2.4947233853872753e-2
0.7283950617283952 2.13833433033195e-2
0.7325102880658438 2.1383343303319508e-2
0.734567901234568 2.4947233853872736e-2
0.7366255144032924 2.1383343303319514e-2
0.7407407407407409 2.1383343303319518e-2
0.7386831275720166 1.7819452752766262e-2
0.7407407407407409 1.4255562202213069e-2
0.7366255144032924 1.4255562202213006e-2
0.734567901234568 1.069167165165975e-2
0.7366255144032924 7.1277811011065e-3
0.7407407407407409 7.127781101106538e-3
0.7386831275720167 3.56389055055325e-3
0.7407407407407409 0.0
0.7448559670781896 0.0
0.7469135802469138 3.5638905505533253e-3
0.7489711934156382 0.0
0.7530864197530867 0.0
0.7551440329218109 3.5638905505532615e-3
0.7530864197530867 7.127781101106554e-3
0.7572016460905352 7.127781101106523e-3
0.7592592592592594 1.0691671651659783e-2
0.7613168724279837 7.127781101106522e-3
0.7654320987654324 7.127781101106554e-3
0.7633744855967081 3.563890550553261e-3
0.7654320987654324 0.0
0.7695473251028808 0.0
0.7716049382716051 3.5638905505533253e-3
0.7736625514403295 0.0
0.7777777777777779 0.0
0.7798353909465022 3.563890550553244e-3
0.7777777777777779 7.127781101106528e-3
0.7818930041152266 7.127781101106488e-3
0.7839506172839508 1.0691671651659731e-2
0.7818930041152266 1.4255562202213017e-2
0.7777777777777779 1.4255562202213093e-2
0.7798353909465023 1.78194527527663e-2
0.7777777777777779 2.1383343303319584e-2
0.7818930041152266 2.1383343303319542e-2
0.7839506172839508 2.4947233853872847e-2
0.7860082304526752 2.1383343303319504e-2
0.7901234567901237 2.1383343303319462e-2
0.7921810699588481 2.4947233853872708e-2
0.7901234567901236 2.8511124404425894e-2
0.7942386831275723 2.851112440442595e-2
0.7962962962962965 3.207501495497919e-2
0.7942386831275723 3.5638905505532434e-2
0.7901234567901236 3.563890550553239e-2
0.792181069958848 3.9202796056085676e-2
0.7901234567901236 4.276668660663892e-2
0.786008230452675 4.2766686606638904e-2
0.7839506172839508 3.920279605608577e-2
0.7818930041152266 4.27666866066389e-2
0.7777777777777779 4.276668660663888e-2
0.7798353909465022 4.633057715719214e-2
0.7777777777777779 4.989446770774542e-2
0.7818930041152266 4.9894467707745395e-2
0.7839506172839508 5.3458358258298644e-2
0.7818930041152264 5.7022248808851886e-2
0.7777777777777779 5.702224880885184e-2
0.7798353909465021 6.058613935940513e-2
0.7777777777777778 6.415002990995836e-2
0.7818930041152263 6.415002990995836e-2
0.7839506172839507 6.771392046051168e-2
0.786008230452675 6.415002990995837e-2
0.7901234567901235 6.415002990995837e-2
0.7921810699588478 6.771392046051167e-2
0.7901234567901235 7.127781101106498e-2
0.7942386831275722 7.127781101106496e-2
0.7962962962962964 7.484170156161825e-2
0.7983539094650207 7.127781101106496e-2
0.8024691358024694 7.127781101106506e-2
0.8004115226337452 6.771392046051167e-2
0.8024691358024694 6.415002990995838e-2
0.8065843621399179 6.415002990995838e-2
0.8086419753086422 6.771392046051161e-2
0.8106995884773665 6.415002990995838e-2
0.814814814814815 6.415002990995838e-2
0.8168724279835393 6.771392046051163e-2
0.8148148148148149 7.127781101106483e-2
0.8189300411522635 7.127781101106487e-2
0.8209876543209877 7.484170156161811e-2
0.8189300411522635 7.840559211217135e-2
0.8148148148148149 7.840559211217132e-2
0.8168724279835392 8.196948266272461e-2
0.8148148148148149 8.553337321327786e-2
0.8189300411522634 8.553337321327786e-2
0.8209876543209877 8.909726376383117e-2
0.8230452674897121 8.553337321327785e-2
0.8271604938271606 8.553337321327784e-2
0.8292181069958848 8.909726376383108e-2
0.8271604938271606 9.266115431438446e-2
0.8312757201646093 9.266115431438432e-2
0.8333333333333334 9.622504486493756e-2
0.8353909465020577 9.266115431438432e-2
0.8395061728395062 9.266115431438438e-2
0.837448559670782 8.909726376383109e-2
0.8395061728395062 8.553337321327784e-2
0.8436213991769548 8.553337321327784e-2
0.845679012345679 8.909726376383117e-2
0.8477366255144034 8.553337321327786e-2
0.8518518518518519 8.553337321327786e-2
0.8497942386831276 8.196948266272461e-2
0.8518518518518519 7.840559211217141e-2
0.8477366255144034 7.840559211217135e-2
0.8456790123456791 7.48417015616181e-2
0.8477366255144033 7.127781101106485e-2
0.8518518518518519 7.12778110110649e-2
0.8497942386831276 6.771392046051161e-2
0.8518518518518519 6.415002990995837e-2
0.8559670781893005 6.415002990995838e-2
0.8580246913580247 6.771392046051171e-2
0.8600823045267492 6.41500299099584e-2
0.8641975308641976 6.41500299099584e-2
0.8662551440329219 6.771392046051167e-2
0.8641975308641976 7.127781101106495e-2
0.8683127572016462 7.127781101106492e-2
0.8703703703703705 7.484170156161819e-2
0.8724279835390947 7.127781101106494e-2
0.8765432098765433 7.127781101106506e-2
0.8744855967078191 6.771392046051168e-2
0.8765432098765433 6.415002990995843e-2
0.8806584362139918 6.415002990995844e-2
0.8827160493827162 6.771392046051176e-2
0.8847736625514404 6.415002990995844e-2
0.888888888888889 6.415002990995845e-2
0.8868312757201646 6.05861393594052e-2
0.888888888888889 5.702224880885201e-2
0.8847736625514404 5.7022248808851955e-2
0.8827160493827161 5.34583582582987e-2
0.8847736625514404 4.989446770774547e-2
0.8888888888888891 4.989446770774562e-2
0.8868312757201648 4.633057715719225e-2
0.8888888888888891 4.276668660663902e-2
0.8847736625514404 4.2766686606638994e-2
0.8827160493827162 3.9202796056085856e-2
0.880658436213992 4.276668660663897e-2
0.8765432098765433 4.2766686606638946e-2
0.874485596707819 3.920279605608569e-2
0.8765432098765433 3.5638905505532496e-2
0.8724279835390948 3.563890550553244e-2
0.8703703703703705 3.2075014954979185e-2
0.8724279835390947 2.8511124404425943e-2
0.8765432098765433 2.851112440442608e-2
0.8744855967078191 2.49472338538727e-2
0.8765432098765433 2.1383343303319455e-2
0.8806584362139919 2.1383343303319466e-2
0.8827160493827162 2.4947233853872795e-2
0.8847736625514405 2.1383343303319476e-2
0.8888888888888891 2.1383343303319483e-2
0.8868312757201648 1.781945275276623e-2
0.8888888888888891 1.425556220221304e-2
0.8847736625514406 1.425556220221298e-2
0.8827160493827162 1.0691671651659728e-2
0.8847736625514404 7.127781101106485e-3
0.8888888888888891 7.1277811011065265e-3
0.8868312757201647 3.5638905505532424e-3
0.888888888888889 0.0
0.8930041152263375 0.0
0.8950617283950617 3.563890550553229e-3
0.897119341563786 0.0
0.9012345679012346 0.0
0.9032921810699588 3.5638905505532615e-3
0.9012345679012346 7.1277811011066505e-3
0.9053497942386832 7.127781101106523e-3
0.9074074074074074 1.0691671651659783e-2
0.9094650205761318 7.127781101106522e-3
0.9135802469135803 7.127781101106554e-3
0.9115226337448561 3.563890550553261e-3
0.9135802469135803 0.0
0.9176954732510288 0.0
0.9197530864197532 3.563890550553229e-3
0.9218106995884774 0.0
0.9259259259259259 0.0
0.9279835390946503 3.563890550553251e-3
0.9259259259259258 7.127781101106442e-3
0.9300411522633745 7.127781101106502e-3
0.9320987654320987 1.0691671651659752e-2
0.9300411522633745 1.4255562202213008e-2
0.9259259259259258 1.4255562202212971e-2
0.9279835390946501 1.7819452752766266e-2
0.9259259259259258 2.1383343303319518e-2
0.9300411522633744 2.1383343303319514e-2
0.9320987654320987 2.4947233853872836e-2
0.934156378600823 2.138334330331951e-2
0.9382716049382716 2.1383343303319504e-2
0.9403292181069958 2.4947233853872756e-2
0.9382716049382716 2.8511124404426137e-2
0.9423868312757202 2.8511124404426005e-2
0.9444444444444444 3.2075014954979254e-2
0.9465020576131686 2.8511124404426002e-2
0.9506172839506173 2.8511124404426137e-2
0.9485596707818931 2.4947233853872753e-2
0.9506172839506173 2.13833433033195e-2
0.9547325102880659 2.1383343303319508e-2
0.9567901234567902 2.4947233853872736e-2
0.9588477366255145 2.1383343303319514e-2
0.962962962962963 2.1383343303319518e-2
0.9609053497942387 1.7819452752766262e-2
0.962962962962963 1.4255562202213069e-2
0.9588477366255145 1.4255562202213006e-2
0.9567901234567902 1.069167165165975e-2
0.9588477366255144 7.1277811011065e-3
0.962962962962963 7.127781101106634e-3
0.9609053497942388 3.56389055055325e-3
0.962962962962963 0.0
0.9670781893004115 0.0
0.9691358024691359 3.5638905505533253e-3
0.9711934156378601 0.0
0.9753086419753086 0.0
0.977366255144033 3.5638905505532615e-3
0.9753086419753086 7.127781101106554e-3
0.9794238683127573 7.127781101106523e-3
0.9814814814814815 1.0691671651659783e-2
0.9835390946502058 7.127781101106522e-3
0.9876543209876544 7.127781101106554e-3
0.9855967078189302 3.563890550553261e-3
0.9876543209876544 0.0
0.9917695473251029 0.0
0.9938271604938271 3.5638905505533253e-3
0.9958847736625516 0.0
1.0 0.0
